(kicad_pcb (version 20171130) (host pcbnew 5.1.5+dfsg1-2build2)

  (general
    (thickness 1.6)
    (drawings 0)
    (tracks 0)
    (zones 0)
    (modules 25)
    (nets 124)
  )

  (page A4)
  (layers
    (0 F.Cu signal)
    (31 B.Cu signal)
    (32 B.Adhes user)
    (33 F.Adhes user)
    (34 B.Paste user)
    (35 F.Paste user)
    (36 B.SilkS user)
    (37 F.SilkS user)
    (38 B.Mask user)
    (39 F.Mask user)
    (40 Dwgs.User user)
    (41 Cmts.User user)
    (42 Eco1.User user)
    (43 Eco2.User user)
    (44 Edge.Cuts user)
    (45 Margin user)
    (46 B.CrtYd user)
    (47 F.CrtYd user)
    (48 B.Fab user)
    (49 F.Fab user)
  )

  (setup
    (last_trace_width 0.25)
    (trace_clearance 0.2)
    (zone_clearance 0.508)
    (zone_45_only no)
    (trace_min 0.2)
    (via_size 0.8)
    (via_drill 0.4)
    (via_min_size 0.4)
    (via_min_drill 0.3)
    (uvia_size 0.3)
    (uvia_drill 0.1)
    (uvias_allowed no)
    (uvia_min_size 0.2)
    (uvia_min_drill 0.1)
    (edge_width 0.1)
    (segment_width 0.2)
    (pcb_text_width 0.3)
    (pcb_text_size 1.5 1.5)
    (mod_edge_width 0.15)
    (mod_text_size 1 1)
    (mod_text_width 0.15)
    (pad_size 1.524 1.524)
    (pad_drill 0.762)
    (pad_to_mask_clearance 0)
    (aux_axis_origin 0 0)
    (visible_elements FFFFFF7F)
    (pcbplotparams
      (layerselection 0x010fc_ffffffff)
      (usegerberextensions false)
      (usegerberattributes false)
      (usegerberadvancedattributes false)
      (creategerberjobfile false)
      (excludeedgelayer true)
      (linewidth 0.100000)
      (plotframeref false)
      (viasonmask false)
      (mode 1)
      (useauxorigin false)
      (hpglpennumber 1)
      (hpglpenspeed 20)
      (hpglpendiameter 15.000000)
      (psnegative false)
      (psa4output false)
      (plotreference true)
      (plotvalue true)
      (plotinvisibletext false)
      (padsonsilk false)
      (subtractmaskfromsilk false)
      (outputformat 1)
      (mirror false)
      (drillshape 1)
      (scaleselection 1)
      (outputdirectory ""))
  )

  (net 0 "")
  (net 1 "Net-(B1-Pad1)")
  (net 2 "Net-(B1-Pad2)")
  (net 3 "Net-(B1-Pad3)")
  (net 4 "Net-(B1-Pad4)")
  (net 5 "Net-(B1-Pad5)")
  (net 6 "Net-(B1-Pad6)")
  (net 7 "Net-(B1-Pad7)")
  (net 8 "Net-(B1-Pad8)")
  (net 9 "Net-(B1-Pad9)")
  (net 10 "Net-(B1-Pad10)")
  (net 11 "Net-(B1-Pad11)")
  (net 12 "Net-(B1-Pad12)")
  (net 13 "Net-(B1-Pad13)")
  (net 14 "Net-(B1-Pad14)")
  (net 15 "Net-(B1-Pad15)")
  (net 16 "Net-(B1-Pad16)")
  (net 17 "Net-(B1-Pad17)")
  (net 18 "Net-(B1-Pad18)")
  (net 19 "Net-(B1-Pad19)")
  (net 20 "Net-(B1-Pad20)")
  (net 21 "Net-(B1-Pad21)")
  (net 22 "Net-(B1-Pad22)")
  (net 23 "Net-(B1-Pad23)")
  (net 24 "Net-(B1-Pad24)")
  (net 25 "Net-(B1-Pad25)")
  (net 26 "Net-(B1-Pad26)")
  (net 27 "Net-(B1-Pad27)")
  (net 28 "Net-(B1-Pad28)")
  (net 29 "Net-(B1-Pad29)")
  (net 30 "Net-(B1-Pad30)")
  (net 31 "Net-(B1-Pad31)")
  (net 32 "Net-(B1-Pad32)")
  (net 33 "Net-(B1-Pad33)")
  (net 34 "Net-(B1-Pad34)")
  (net 35 "Net-(B1-Pad35)")
  (net 36 "Net-(B1-Pad36)")
  (net 37 "Net-(B1-Pad37)")
  (net 38 "Net-(B1-Pad38)")
  (net 39 "Net-(B1-Pad39)")
  (net 40 "Net-(B1-Pad40)")
  (net 41 5V)
  (net 42 GND)
  (net 43 "Net-(C3-Pad2)")
  (net 44 "Net-(C4-Pad1)")
  (net 45 "Net-(C5-Pad1)")
  (net 46 "Net-(C7-Pad2)")
  (net 47 "Net-(C7-Pad1)")
  (net 48 "Net-(C8-Pad1)")
  (net 49 "Net-(C8-Pad2)")
  (net 50 "Net-(D1-Pad1)")
  (net 51 "Net-(D1-Pad2)")
  (net 52 D-)
  (net 53 D+)
  (net 54 "Net-(J1-PadB8)")
  (net 55 "Net-(J1-PadA5)")
  (net 56 "Net-(J1-PadA8)")
  (net 57 "Net-(J1-PadB5)")
  (net 58 "Net-(J2-Pad1)")
  (net 59 "Net-(J2-Pad2)")
  (net 60 "Net-(J2-Pad3)")
  (net 61 "Net-(J2-Pad4)")
  (net 62 "Net-(Q1-Pad3)")
  (net 63 "Net-(Q1-Pad2)")
  (net 64 "Net-(Q1-Pad1)")
  (net 65 "Net-(Q2-Pad1)")
  (net 66 "Net-(Q2-Pad2)")
  (net 67 "Net-(Q2-Pad3)")
  (net 68 "Net-(R1-Pad1)")
  (net 69 "Net-(R4-Pad1)")
  (net 70 "Net-(R5-Pad1)")
  (net 71 "Net-(SW1-Pad1)")
  (net 72 "Net-(SW1-Pad2)")
  (net 73 "Net-(SW2-Pad2)")
  (net 74 "Net-(SW2-Pad1)")
  (net 75 "Net-(U1-Pad2)")
  (net 76 "Net-(U1-Pad4)")
  (net 77 "Net-(U2-Pad1)")
  (net 78 "Net-(U2-Pad2)")
  (net 79 "Net-(U2-Pad3)")
  (net 80 +3V3)
  (net 81 "Net-(U2-Pad9)")
  (net 82 "Net-(U2-Pad10)")
  (net 83 "Net-(U2-Pad11)")
  (net 84 "Net-(U2-Pad12)")
  (net 85 "Net-(U2-Pad13)")
  (net 86 "Net-(U2-Pad14)")
  (net 87 "Net-(U2-Pad15)")
  (net 88 "Net-(U3-Pad1)")
  (net 89 "Net-(U3-Pad2)")
  (net 90 "Net-(U3-Pad3)")
  (net 91 "Net-(U3-Pad4)")
  (net 92 "Net-(U3-Pad5)")
  (net 93 "Net-(U3-Pad6)")
  (net 94 "Net-(U3-Pad7)")
  (net 95 "Net-(U3-Pad8)")
  (net 96 "Net-(U3-Pad9)")
  (net 97 "Net-(U3-Pad10)")
  (net 98 "Net-(U3-Pad11)")
  (net 99 "Net-(U3-Pad12)")
  (net 100 "Net-(U3-Pad13)")
  (net 101 "Net-(U3-Pad14)")
  (net 102 "Net-(U3-Pad16)")
  (net 103 "Net-(U3-Pad17)")
  (net 104 "Net-(U3-Pad18)")
  (net 105 "Net-(U3-Pad19)")
  (net 106 "Net-(U3-Pad20)")
  (net 107 "Net-(U3-Pad21)")
  (net 108 "Net-(U3-Pad22)")
  (net 109 "Net-(U3-Pad23)")
  (net 110 "Net-(U3-Pad24)")
  (net 111 "Net-(U3-Pad25)")
  (net 112 "Net-(U3-Pad26)")
  (net 113 "Net-(U3-Pad27)")
  (net 114 "Net-(U3-Pad28)")
  (net 115 "Net-(U3-Pad29)")
  (net 116 "Net-(U3-Pad30)")
  (net 117 "Net-(U3-Pad31)")
  (net 118 "Net-(U3-Pad32)")
  (net 119 "Net-(U3-Pad33)")
  (net 120 "Net-(U3-Pad34)")
  (net 121 "Net-(U3-Pad35)")
  (net 122 "Net-(U3-Pad36)")
  (net 123 "Net-(U3-Pad37)")

  (net_class Default "This is the default net class."
    (clearance 0.2)
    (trace_width 0.25)
    (via_dia 0.8)
    (via_drill 0.4)
    (uvia_dia 0.3)
    (uvia_drill 0.1)
    (add_net +3V3)
    (add_net 5V)
    (add_net D+)
    (add_net D-)
    (add_net GND)
    (add_net "Net-(B1-Pad1)")
    (add_net "Net-(B1-Pad10)")
    (add_net "Net-(B1-Pad11)")
    (add_net "Net-(B1-Pad12)")
    (add_net "Net-(B1-Pad13)")
    (add_net "Net-(B1-Pad14)")
    (add_net "Net-(B1-Pad15)")
    (add_net "Net-(B1-Pad16)")
    (add_net "Net-(B1-Pad17)")
    (add_net "Net-(B1-Pad18)")
    (add_net "Net-(B1-Pad19)")
    (add_net "Net-(B1-Pad2)")
    (add_net "Net-(B1-Pad20)")
    (add_net "Net-(B1-Pad21)")
    (add_net "Net-(B1-Pad22)")
    (add_net "Net-(B1-Pad23)")
    (add_net "Net-(B1-Pad24)")
    (add_net "Net-(B1-Pad25)")
    (add_net "Net-(B1-Pad26)")
    (add_net "Net-(B1-Pad27)")
    (add_net "Net-(B1-Pad28)")
    (add_net "Net-(B1-Pad29)")
    (add_net "Net-(B1-Pad3)")
    (add_net "Net-(B1-Pad30)")
    (add_net "Net-(B1-Pad31)")
    (add_net "Net-(B1-Pad32)")
    (add_net "Net-(B1-Pad33)")
    (add_net "Net-(B1-Pad34)")
    (add_net "Net-(B1-Pad35)")
    (add_net "Net-(B1-Pad36)")
    (add_net "Net-(B1-Pad37)")
    (add_net "Net-(B1-Pad38)")
    (add_net "Net-(B1-Pad39)")
    (add_net "Net-(B1-Pad4)")
    (add_net "Net-(B1-Pad40)")
    (add_net "Net-(B1-Pad5)")
    (add_net "Net-(B1-Pad6)")
    (add_net "Net-(B1-Pad7)")
    (add_net "Net-(B1-Pad8)")
    (add_net "Net-(B1-Pad9)")
    (add_net "Net-(C3-Pad2)")
    (add_net "Net-(C4-Pad1)")
    (add_net "Net-(C5-Pad1)")
    (add_net "Net-(C7-Pad1)")
    (add_net "Net-(C7-Pad2)")
    (add_net "Net-(C8-Pad1)")
    (add_net "Net-(C8-Pad2)")
    (add_net "Net-(D1-Pad1)")
    (add_net "Net-(D1-Pad2)")
    (add_net "Net-(J1-PadA5)")
    (add_net "Net-(J1-PadA8)")
    (add_net "Net-(J1-PadB5)")
    (add_net "Net-(J1-PadB8)")
    (add_net "Net-(J2-Pad1)")
    (add_net "Net-(J2-Pad2)")
    (add_net "Net-(J2-Pad3)")
    (add_net "Net-(J2-Pad4)")
    (add_net "Net-(Q1-Pad1)")
    (add_net "Net-(Q1-Pad2)")
    (add_net "Net-(Q1-Pad3)")
    (add_net "Net-(Q2-Pad1)")
    (add_net "Net-(Q2-Pad2)")
    (add_net "Net-(Q2-Pad3)")
    (add_net "Net-(R1-Pad1)")
    (add_net "Net-(R4-Pad1)")
    (add_net "Net-(R5-Pad1)")
    (add_net "Net-(SW1-Pad1)")
    (add_net "Net-(SW1-Pad2)")
    (add_net "Net-(SW2-Pad1)")
    (add_net "Net-(SW2-Pad2)")
    (add_net "Net-(U1-Pad2)")
    (add_net "Net-(U1-Pad4)")
    (add_net "Net-(U2-Pad1)")
    (add_net "Net-(U2-Pad10)")
    (add_net "Net-(U2-Pad11)")
    (add_net "Net-(U2-Pad12)")
    (add_net "Net-(U2-Pad13)")
    (add_net "Net-(U2-Pad14)")
    (add_net "Net-(U2-Pad15)")
    (add_net "Net-(U2-Pad2)")
    (add_net "Net-(U2-Pad3)")
    (add_net "Net-(U2-Pad9)")
    (add_net "Net-(U3-Pad1)")
    (add_net "Net-(U3-Pad10)")
    (add_net "Net-(U3-Pad11)")
    (add_net "Net-(U3-Pad12)")
    (add_net "Net-(U3-Pad13)")
    (add_net "Net-(U3-Pad14)")
    (add_net "Net-(U3-Pad16)")
    (add_net "Net-(U3-Pad17)")
    (add_net "Net-(U3-Pad18)")
    (add_net "Net-(U3-Pad19)")
    (add_net "Net-(U3-Pad2)")
    (add_net "Net-(U3-Pad20)")
    (add_net "Net-(U3-Pad21)")
    (add_net "Net-(U3-Pad22)")
    (add_net "Net-(U3-Pad23)")
    (add_net "Net-(U3-Pad24)")
    (add_net "Net-(U3-Pad25)")
    (add_net "Net-(U3-Pad26)")
    (add_net "Net-(U3-Pad27)")
    (add_net "Net-(U3-Pad28)")
    (add_net "Net-(U3-Pad29)")
    (add_net "Net-(U3-Pad3)")
    (add_net "Net-(U3-Pad30)")
    (add_net "Net-(U3-Pad31)")
    (add_net "Net-(U3-Pad32)")
    (add_net "Net-(U3-Pad33)")
    (add_net "Net-(U3-Pad34)")
    (add_net "Net-(U3-Pad35)")
    (add_net "Net-(U3-Pad36)")
    (add_net "Net-(U3-Pad37)")
    (add_net "Net-(U3-Pad4)")
    (add_net "Net-(U3-Pad5)")
    (add_net "Net-(U3-Pad6)")
    (add_net "Net-(U3-Pad7)")
    (add_net "Net-(U3-Pad8)")
    (add_net "Net-(U3-Pad9)")
  )

  (module Boards:ESP32_THING (layer F.Cu) (tedit 200000) (tstamp 5F5C0BDE)
    (at 83.308 121.513601)
    (descr "SPARKFUN ESP32 THING BOARD")
    (tags "SPARKFUN ESP32 THING BOARD")
    (path /5F4B9300)
    (attr virtual)
    (fp_text reference B1 (at 12.7 -2.54) (layer F.SilkS)
      (effects (font (size 0.6096 0.6096) (thickness 0.127)))
    )
    (fp_text value ESP32_THING_W_ANT_KEEPOUT (at 12.7 -1.27) (layer F.SilkS)
      (effects (font (size 0.6096 0.6096) (thickness 0.127)))
    )
    (fp_line (start 0 0) (end 0 -51.435) (layer Dwgs.User) (width 0.2032))
    (fp_line (start 0 -51.435) (end 0 -58.293) (layer Dwgs.User) (width 0.2032))
    (fp_line (start 0.635 -58.928) (end 24.765 -58.928) (layer Dwgs.User) (width 0.2032))
    (fp_line (start 25.4 -58.293) (end 25.4 -51.435) (layer Dwgs.User) (width 0.2032))
    (fp_line (start 25.4 -51.435) (end 25.4 0) (layer Dwgs.User) (width 0.2032))
    (fp_line (start 25.4 0) (end 0 0) (layer Dwgs.User) (width 0.2032))
    (fp_line (start 0 -51.435) (end 25.4 -51.435) (layer Dwgs.User) (width 0.127))
    (fp_line (start 0 -51.435) (end 25.4 -51.435) (layer F.SilkS) (width 0.127))
    (fp_line (start 25.4 -51.435) (end 25.4 -58.928) (layer F.SilkS) (width 0.127))
    (fp_line (start 25.4 -58.928) (end 0 -58.928) (layer F.SilkS) (width 0.127))
    (fp_line (start 0 -58.928) (end 0 -51.435) (layer F.SilkS) (width 0.127))
    (fp_line (start 0 -51.435) (end 25.4 -51.435) (layer F.SilkS) (width 0.127))
    (fp_line (start 25.4 -51.435) (end 25.4 -58.928) (layer F.SilkS) (width 0.127))
    (fp_line (start 25.4 -58.928) (end 0 -58.928) (layer F.SilkS) (width 0.127))
    (fp_line (start 0 -58.928) (end 0 -51.435) (layer F.SilkS) (width 0.127))
    (fp_arc (start 0.635 -58.293) (end 0 -58.293) (angle 90) (layer Dwgs.User) (width 0.2032))
    (fp_arc (start 24.765 -58.293) (end 24.765 -58.928) (angle 90) (layer Dwgs.User) (width 0.2032))
    (fp_text user 34 (at 3.81 -34.4805) (layer Dwgs.User)
      (effects (font (size 0.889 0.889) (thickness 0.127)))
    )
    (fp_text user 35 (at 3.81 -31.9405) (layer Dwgs.User)
      (effects (font (size 0.889 0.889) (thickness 0.127)))
    )
    (fp_text user 32 (at 3.81 -39.55796) (layer Dwgs.User)
      (effects (font (size 0.889 0.889) (thickness 0.127)))
    )
    (fp_text user 33 (at 3.81 -37.0205) (layer Dwgs.User)
      (effects (font (size 0.889 0.889) (thickness 0.127)))
    )
    (fp_text user 25 (at 3.81 -29.4005) (layer Dwgs.User)
      (effects (font (size 0.889 0.889) (thickness 0.127)))
    )
    (fp_text user 26 (at 3.81 -26.85796) (layer Dwgs.User)
      (effects (font (size 0.889 0.889) (thickness 0.127)))
    )
    (fp_text user 27 (at 3.7846 -24.3205) (layer Dwgs.User)
      (effects (font (size 0.889 0.889) (thickness 0.127)))
    )
    (fp_text user 14 (at 3.7846 -21.7805) (layer Dwgs.User)
      (effects (font (size 0.889 0.889) (thickness 0.127)))
    )
    (fp_text user 12 (at 3.7846 -19.2405) (layer Dwgs.User)
      (effects (font (size 0.889 0.889) (thickness 0.127)))
    )
    (fp_text user 13 (at 3.81 -16.8275) (layer Dwgs.User)
      (effects (font (size 0.889 0.889) (thickness 0.127)))
    )
    (fp_text user VBAT (at 4.699 -6.6675) (layer Dwgs.User)
      (effects (font (size 0.889 0.889) (thickness 0.127)))
    )
    (fp_text user 19 (at 20.9169 -36.7665) (layer Dwgs.User)
      (effects (font (size 0.889 0.889) (thickness 0.127)))
    )
    (fp_text user 21 (at 20.9169 -46.9265) (layer Dwgs.User)
      (effects (font (size 0.889 0.889) (thickness 0.127)))
    )
    (fp_text user 22 (at 20.9423 -39.30396) (layer Dwgs.User)
      (effects (font (size 0.889 0.889) (thickness 0.127)))
    )
    (fp_text user RX (at 20.9677 -41.8465) (layer Dwgs.User)
      (effects (font (size 0.889 0.889) (thickness 0.127)))
    )
    (fp_text user TX (at 20.9169 -44.3865) (layer Dwgs.User)
      (effects (font (size 0.889 0.889) (thickness 0.127)))
    )
    (fp_text user 23 (at 20.9169 -34.2265) (layer Dwgs.User)
      (effects (font (size 0.889 0.889) (thickness 0.127)))
    )
    (fp_text user 18 (at 20.9169 -31.6865) (layer Dwgs.User)
      (effects (font (size 0.889 0.889) (thickness 0.127)))
    )
    (fp_text user 5 (at 20.4724 -29.1465) (layer Dwgs.User)
      (effects (font (size 0.889 0.889) (thickness 0.127)))
    )
    (fp_text user 15 (at 20.9169 -26.60396) (layer Dwgs.User)
      (effects (font (size 0.889 0.889) (thickness 0.127)))
    )
    (fp_text user 2 (at 20.4724 -24.0665) (layer Dwgs.User)
      (effects (font (size 0.889 0.889) (thickness 0.127)))
    )
    (fp_text user 0 (at 20.4724 -21.5265) (layer Dwgs.User)
      (effects (font (size 0.889 0.889) (thickness 0.127)))
    )
    (fp_text user 4 (at 20.4724 -18.9865) (layer Dwgs.User)
      (effects (font (size 0.889 0.889) (thickness 0.127)))
    )
    (fp_text user 17 (at 20.9169 -16.4465) (layer Dwgs.User)
      (effects (font (size 0.889 0.889) (thickness 0.127)))
    )
    (fp_text user 16 (at 20.9169 -13.9065) (layer Dwgs.User)
      (effects (font (size 0.889 0.889) (thickness 0.127)))
    )
    (fp_text user 39 (at 3.81 -42.1005) (layer Dwgs.User)
      (effects (font (size 0.889 0.889) (thickness 0.127)))
    )
    (fp_text user 38 (at 3.81 -44.6405) (layer Dwgs.User)
      (effects (font (size 0.889 0.889) (thickness 0.127)))
    )
    (fp_text user 37 (at 3.81 -47.1805) (layer Dwgs.User)
      (effects (font (size 0.889 0.889) (thickness 0.127)))
    )
    (fp_text user 36 (at 3.81 -49.7205) (layer Dwgs.User)
      (effects (font (size 0.889 0.889) (thickness 0.127)))
    )
    (fp_text user GND (at 21.2852 -49.4665) (layer Dwgs.User)
      (effects (font (size 0.889 0.889) (thickness 0.127)))
    )
    (fp_text user !RST! (at 5.1435 -14.2875) (layer Dwgs.User)
      (effects (font (size 0.889 0.889) (thickness 0.127)))
    )
    (fp_text user 3V3 (at 4.2545 -11.7475) (layer Dwgs.User)
      (effects (font (size 0.889 0.889) (thickness 0.127)))
    )
    (fp_text user GND (at 4.2545 -9.2075) (layer Dwgs.User)
      (effects (font (size 0.889 0.889) (thickness 0.127)))
    )
    (fp_text user VUSB (at 4.699 -4.12496) (layer Dwgs.User)
      (effects (font (size 0.889 0.889) (thickness 0.127)))
    )
    (fp_text user GND (at 4.2545 -1.5875) (layer Dwgs.User)
      (effects (font (size 0.889 0.889) (thickness 0.127)))
    )
    (fp_text user 3V3 (at 21.3614 -11.3665) (layer Dwgs.User)
      (effects (font (size 0.889 0.889) (thickness 0.127)))
    )
    (fp_text user GND (at 21.3614 -8.8265) (layer Dwgs.User)
      (effects (font (size 0.889 0.889) (thickness 0.127)))
    )
    (fp_text user VBAT (at 21.8059 -6.2865) (layer Dwgs.User)
      (effects (font (size 0.889 0.889) (thickness 0.127)))
    )
    (fp_text user VUSB (at 21.8059 -3.7465) (layer Dwgs.User)
      (effects (font (size 0.889 0.889) (thickness 0.127)))
    )
    (fp_text user GND (at 21.3614 -1.2065) (layer Dwgs.User)
      (effects (font (size 0.889 0.889) (thickness 0.127)))
    )
    (fp_text user "Antenna Keepout" (at 12.7 -55.245) (layer Dwgs.User)
      (effects (font (size 0.889 0.889) (thickness 0.0762)))
    )
    (pad 1 thru_hole rect (at 1.27 -1.27) (size 1.8796 1.8796) (drill 1.016) (layers *.Cu *.Mask)
      (net 1 "Net-(B1-Pad1)") (solder_mask_margin 0.1016))
    (pad 2 thru_hole circle (at 1.27 -3.81) (size 1.8796 1.8796) (drill 1.016) (layers *.Cu *.Mask)
      (net 2 "Net-(B1-Pad2)") (solder_mask_margin 0.1016))
    (pad 3 thru_hole circle (at 1.27 -6.35) (size 1.8796 1.8796) (drill 1.016) (layers *.Cu *.Mask)
      (net 3 "Net-(B1-Pad3)") (solder_mask_margin 0.1016))
    (pad 4 thru_hole circle (at 1.27 -8.89) (size 1.8796 1.8796) (drill 1.016) (layers *.Cu *.Mask)
      (net 4 "Net-(B1-Pad4)") (solder_mask_margin 0.1016))
    (pad 5 thru_hole circle (at 1.27 -11.43) (size 1.8796 1.8796) (drill 1.016) (layers *.Cu *.Mask)
      (net 5 "Net-(B1-Pad5)") (solder_mask_margin 0.1016))
    (pad 6 thru_hole circle (at 1.27 -13.97) (size 1.8796 1.8796) (drill 1.016) (layers *.Cu *.Mask)
      (net 6 "Net-(B1-Pad6)") (solder_mask_margin 0.1016))
    (pad 7 thru_hole circle (at 1.27 -16.51) (size 1.8796 1.8796) (drill 1.016) (layers *.Cu *.Mask)
      (net 7 "Net-(B1-Pad7)") (solder_mask_margin 0.1016))
    (pad 8 thru_hole circle (at 1.27 -19.05) (size 1.8796 1.8796) (drill 1.016) (layers *.Cu *.Mask)
      (net 8 "Net-(B1-Pad8)") (solder_mask_margin 0.1016))
    (pad 9 thru_hole circle (at 1.27 -21.59) (size 1.8796 1.8796) (drill 1.016) (layers *.Cu *.Mask)
      (net 9 "Net-(B1-Pad9)") (solder_mask_margin 0.1016))
    (pad 10 thru_hole circle (at 1.27 -24.13) (size 1.8796 1.8796) (drill 1.016) (layers *.Cu *.Mask)
      (net 10 "Net-(B1-Pad10)") (solder_mask_margin 0.1016))
    (pad 11 thru_hole circle (at 1.27 -26.67) (size 1.8796 1.8796) (drill 1.016) (layers *.Cu *.Mask)
      (net 11 "Net-(B1-Pad11)") (solder_mask_margin 0.1016))
    (pad 12 thru_hole circle (at 1.27 -29.21) (size 1.8796 1.8796) (drill 1.016) (layers *.Cu *.Mask)
      (net 12 "Net-(B1-Pad12)") (solder_mask_margin 0.1016))
    (pad 13 thru_hole circle (at 1.27 -31.75) (size 1.8796 1.8796) (drill 1.016) (layers *.Cu *.Mask)
      (net 13 "Net-(B1-Pad13)") (solder_mask_margin 0.1016))
    (pad 14 thru_hole circle (at 1.27 -34.29) (size 1.8796 1.8796) (drill 1.016) (layers *.Cu *.Mask)
      (net 14 "Net-(B1-Pad14)") (solder_mask_margin 0.1016))
    (pad 15 thru_hole circle (at 1.27 -36.83) (size 1.8796 1.8796) (drill 1.016) (layers *.Cu *.Mask)
      (net 15 "Net-(B1-Pad15)") (solder_mask_margin 0.1016))
    (pad 16 thru_hole circle (at 1.27 -39.37) (size 1.8796 1.8796) (drill 1.016) (layers *.Cu *.Mask)
      (net 16 "Net-(B1-Pad16)") (solder_mask_margin 0.1016))
    (pad 17 thru_hole circle (at 1.27 -41.91) (size 1.8796 1.8796) (drill 1.016) (layers *.Cu *.Mask)
      (net 17 "Net-(B1-Pad17)") (solder_mask_margin 0.1016))
    (pad 18 thru_hole circle (at 1.27 -44.45) (size 1.8796 1.8796) (drill 1.016) (layers *.Cu *.Mask)
      (net 18 "Net-(B1-Pad18)") (solder_mask_margin 0.1016))
    (pad 19 thru_hole circle (at 1.27 -46.99) (size 1.8796 1.8796) (drill 1.016) (layers *.Cu *.Mask)
      (net 19 "Net-(B1-Pad19)") (solder_mask_margin 0.1016))
    (pad 20 thru_hole circle (at 1.27 -49.53) (size 1.8796 1.8796) (drill 1.016) (layers *.Cu *.Mask)
      (net 20 "Net-(B1-Pad20)") (solder_mask_margin 0.1016))
    (pad 21 thru_hole circle (at 24.13 -49.53) (size 1.8796 1.8796) (drill 1.016) (layers *.Cu *.Mask)
      (net 21 "Net-(B1-Pad21)") (solder_mask_margin 0.1016))
    (pad 22 thru_hole circle (at 24.13 -46.99) (size 1.8796 1.8796) (drill 1.016) (layers *.Cu *.Mask)
      (net 22 "Net-(B1-Pad22)") (solder_mask_margin 0.1016))
    (pad 23 thru_hole circle (at 24.13 -44.45) (size 1.8796 1.8796) (drill 1.016) (layers *.Cu *.Mask)
      (net 23 "Net-(B1-Pad23)") (solder_mask_margin 0.1016))
    (pad 24 thru_hole circle (at 24.13 -41.91) (size 1.8796 1.8796) (drill 1.016) (layers *.Cu *.Mask)
      (net 24 "Net-(B1-Pad24)") (solder_mask_margin 0.1016))
    (pad 25 thru_hole circle (at 24.13 -39.37) (size 1.8796 1.8796) (drill 1.016) (layers *.Cu *.Mask)
      (net 25 "Net-(B1-Pad25)") (solder_mask_margin 0.1016))
    (pad 26 thru_hole circle (at 24.13 -36.83) (size 1.8796 1.8796) (drill 1.016) (layers *.Cu *.Mask)
      (net 26 "Net-(B1-Pad26)") (solder_mask_margin 0.1016))
    (pad 27 thru_hole circle (at 24.13 -34.29) (size 1.8796 1.8796) (drill 1.016) (layers *.Cu *.Mask)
      (net 27 "Net-(B1-Pad27)") (solder_mask_margin 0.1016))
    (pad 28 thru_hole circle (at 24.13 -31.75) (size 1.8796 1.8796) (drill 1.016) (layers *.Cu *.Mask)
      (net 28 "Net-(B1-Pad28)") (solder_mask_margin 0.1016))
    (pad 29 thru_hole circle (at 24.13 -29.21) (size 1.8796 1.8796) (drill 1.016) (layers *.Cu *.Mask)
      (net 29 "Net-(B1-Pad29)") (solder_mask_margin 0.1016))
    (pad 30 thru_hole circle (at 24.13 -26.67) (size 1.8796 1.8796) (drill 1.016) (layers *.Cu *.Mask)
      (net 30 "Net-(B1-Pad30)") (solder_mask_margin 0.1016))
    (pad 31 thru_hole circle (at 24.13 -24.13) (size 1.8796 1.8796) (drill 1.016) (layers *.Cu *.Mask)
      (net 31 "Net-(B1-Pad31)") (solder_mask_margin 0.1016))
    (pad 32 thru_hole circle (at 24.13 -21.59) (size 1.8796 1.8796) (drill 1.016) (layers *.Cu *.Mask)
      (net 32 "Net-(B1-Pad32)") (solder_mask_margin 0.1016))
    (pad 33 thru_hole circle (at 24.13 -19.05) (size 1.8796 1.8796) (drill 1.016) (layers *.Cu *.Mask)
      (net 33 "Net-(B1-Pad33)") (solder_mask_margin 0.1016))
    (pad 34 thru_hole circle (at 24.13 -16.51) (size 1.8796 1.8796) (drill 1.016) (layers *.Cu *.Mask)
      (net 34 "Net-(B1-Pad34)") (solder_mask_margin 0.1016))
    (pad 35 thru_hole circle (at 24.13 -13.97) (size 1.8796 1.8796) (drill 1.016) (layers *.Cu *.Mask)
      (net 35 "Net-(B1-Pad35)") (solder_mask_margin 0.1016))
    (pad 36 thru_hole circle (at 24.13 -11.43) (size 1.8796 1.8796) (drill 1.016) (layers *.Cu *.Mask)
      (net 36 "Net-(B1-Pad36)") (solder_mask_margin 0.1016))
    (pad 37 thru_hole circle (at 24.13 -8.89) (size 1.8796 1.8796) (drill 1.016) (layers *.Cu *.Mask)
      (net 37 "Net-(B1-Pad37)") (solder_mask_margin 0.1016))
    (pad 38 thru_hole circle (at 24.13 -6.35) (size 1.8796 1.8796) (drill 1.016) (layers *.Cu *.Mask)
      (net 38 "Net-(B1-Pad38)") (solder_mask_margin 0.1016))
    (pad 39 thru_hole circle (at 24.13 -3.81) (size 1.8796 1.8796) (drill 1.016) (layers *.Cu *.Mask)
      (net 39 "Net-(B1-Pad39)") (solder_mask_margin 0.1016))
    (pad 40 thru_hole rect (at 24.13 -1.27) (size 1.8796 1.8796) (drill 1.016) (layers *.Cu *.Mask)
      (net 40 "Net-(B1-Pad40)") (solder_mask_margin 0.1016))
  )

  (module Capacitor_SMD:C_0603_1608Metric (layer F.Cu) (tedit 5B301BBE) (tstamp 5F5C0BEF)
    (at 111.313001 110.469001)
    (descr "Capacitor SMD 0603 (1608 Metric), square (rectangular) end terminal, IPC_7351 nominal, (Body size source: http://www.tortai-tech.com/upload/download/2011102023233369053.pdf), generated with kicad-footprint-generator")
    (tags capacitor)
    (path /5F4CE851)
    (attr smd)
    (fp_text reference C1 (at 0 -1.43) (layer F.SilkS)
      (effects (font (size 1 1) (thickness 0.15)))
    )
    (fp_text value C_Small (at 0 1.43) (layer F.Fab)
      (effects (font (size 1 1) (thickness 0.15)))
    )
    (fp_line (start -0.8 0.4) (end -0.8 -0.4) (layer F.Fab) (width 0.1))
    (fp_line (start -0.8 -0.4) (end 0.8 -0.4) (layer F.Fab) (width 0.1))
    (fp_line (start 0.8 -0.4) (end 0.8 0.4) (layer F.Fab) (width 0.1))
    (fp_line (start 0.8 0.4) (end -0.8 0.4) (layer F.Fab) (width 0.1))
    (fp_line (start -0.162779 -0.51) (end 0.162779 -0.51) (layer F.SilkS) (width 0.12))
    (fp_line (start -0.162779 0.51) (end 0.162779 0.51) (layer F.SilkS) (width 0.12))
    (fp_line (start -1.48 0.73) (end -1.48 -0.73) (layer F.CrtYd) (width 0.05))
    (fp_line (start -1.48 -0.73) (end 1.48 -0.73) (layer F.CrtYd) (width 0.05))
    (fp_line (start 1.48 -0.73) (end 1.48 0.73) (layer F.CrtYd) (width 0.05))
    (fp_line (start 1.48 0.73) (end -1.48 0.73) (layer F.CrtYd) (width 0.05))
    (fp_text user %R (at 0 0) (layer F.Fab)
      (effects (font (size 0.4 0.4) (thickness 0.06)))
    )
    (pad 1 smd roundrect (at -0.7875 0) (size 0.875 0.95) (layers F.Cu F.Paste F.Mask) (roundrect_rratio 0.25)
      (net 41 5V))
    (pad 2 smd roundrect (at 0.7875 0) (size 0.875 0.95) (layers F.Cu F.Paste F.Mask) (roundrect_rratio 0.25)
      (net 42 GND))
    (model ${KISYS3DMOD}/Capacitor_SMD.3dshapes/C_0603_1608Metric.wrl
      (at (xyz 0 0 0))
      (scale (xyz 1 1 1))
      (rotate (xyz 0 0 0))
    )
  )

  (module Capacitor_SMD:C_0603_1608Metric (layer F.Cu) (tedit 5B301BBE) (tstamp 5F5C0C00)
    (at 159.553001 65.749001)
    (descr "Capacitor SMD 0603 (1608 Metric), square (rectangular) end terminal, IPC_7351 nominal, (Body size source: http://www.tortai-tech.com/upload/download/2011102023233369053.pdf), generated with kicad-footprint-generator")
    (tags capacitor)
    (path /5F4CDDF3)
    (attr smd)
    (fp_text reference C2 (at 0 -1.43) (layer F.SilkS)
      (effects (font (size 1 1) (thickness 0.15)))
    )
    (fp_text value C_Small (at 0 1.43) (layer F.Fab)
      (effects (font (size 1 1) (thickness 0.15)))
    )
    (fp_text user %R (at 0 0) (layer F.Fab)
      (effects (font (size 0.4 0.4) (thickness 0.06)))
    )
    (fp_line (start 1.48 0.73) (end -1.48 0.73) (layer F.CrtYd) (width 0.05))
    (fp_line (start 1.48 -0.73) (end 1.48 0.73) (layer F.CrtYd) (width 0.05))
    (fp_line (start -1.48 -0.73) (end 1.48 -0.73) (layer F.CrtYd) (width 0.05))
    (fp_line (start -1.48 0.73) (end -1.48 -0.73) (layer F.CrtYd) (width 0.05))
    (fp_line (start -0.162779 0.51) (end 0.162779 0.51) (layer F.SilkS) (width 0.12))
    (fp_line (start -0.162779 -0.51) (end 0.162779 -0.51) (layer F.SilkS) (width 0.12))
    (fp_line (start 0.8 0.4) (end -0.8 0.4) (layer F.Fab) (width 0.1))
    (fp_line (start 0.8 -0.4) (end 0.8 0.4) (layer F.Fab) (width 0.1))
    (fp_line (start -0.8 -0.4) (end 0.8 -0.4) (layer F.Fab) (width 0.1))
    (fp_line (start -0.8 0.4) (end -0.8 -0.4) (layer F.Fab) (width 0.1))
    (pad 2 smd roundrect (at 0.7875 0) (size 0.875 0.95) (layers F.Cu F.Paste F.Mask) (roundrect_rratio 0.25)
      (net 42 GND))
    (pad 1 smd roundrect (at -0.7875 0) (size 0.875 0.95) (layers F.Cu F.Paste F.Mask) (roundrect_rratio 0.25)
      (net 41 5V))
    (model ${KISYS3DMOD}/Capacitor_SMD.3dshapes/C_0603_1608Metric.wrl
      (at (xyz 0 0 0))
      (scale (xyz 1 1 1))
      (rotate (xyz 0 0 0))
    )
  )

  (module Capacitor_SMD:C_0603_1608Metric (layer F.Cu) (tedit 5B301BBE) (tstamp 5F5C0C11)
    (at 149.963001 74.999001)
    (descr "Capacitor SMD 0603 (1608 Metric), square (rectangular) end terminal, IPC_7351 nominal, (Body size source: http://www.tortai-tech.com/upload/download/2011102023233369053.pdf), generated with kicad-footprint-generator")
    (tags capacitor)
    (path /5F4CC945)
    (attr smd)
    (fp_text reference C3 (at 0 -1.43) (layer F.SilkS)
      (effects (font (size 1 1) (thickness 0.15)))
    )
    (fp_text value C_Small (at 0 1.43) (layer F.Fab)
      (effects (font (size 1 1) (thickness 0.15)))
    )
    (fp_line (start -0.8 0.4) (end -0.8 -0.4) (layer F.Fab) (width 0.1))
    (fp_line (start -0.8 -0.4) (end 0.8 -0.4) (layer F.Fab) (width 0.1))
    (fp_line (start 0.8 -0.4) (end 0.8 0.4) (layer F.Fab) (width 0.1))
    (fp_line (start 0.8 0.4) (end -0.8 0.4) (layer F.Fab) (width 0.1))
    (fp_line (start -0.162779 -0.51) (end 0.162779 -0.51) (layer F.SilkS) (width 0.12))
    (fp_line (start -0.162779 0.51) (end 0.162779 0.51) (layer F.SilkS) (width 0.12))
    (fp_line (start -1.48 0.73) (end -1.48 -0.73) (layer F.CrtYd) (width 0.05))
    (fp_line (start -1.48 -0.73) (end 1.48 -0.73) (layer F.CrtYd) (width 0.05))
    (fp_line (start 1.48 -0.73) (end 1.48 0.73) (layer F.CrtYd) (width 0.05))
    (fp_line (start 1.48 0.73) (end -1.48 0.73) (layer F.CrtYd) (width 0.05))
    (fp_text user %R (at 0 0) (layer F.Fab)
      (effects (font (size 0.4 0.4) (thickness 0.06)))
    )
    (pad 1 smd roundrect (at -0.7875 0) (size 0.875 0.95) (layers F.Cu F.Paste F.Mask) (roundrect_rratio 0.25)
      (net 42 GND))
    (pad 2 smd roundrect (at 0.7875 0) (size 0.875 0.95) (layers F.Cu F.Paste F.Mask) (roundrect_rratio 0.25)
      (net 43 "Net-(C3-Pad2)"))
    (model ${KISYS3DMOD}/Capacitor_SMD.3dshapes/C_0603_1608Metric.wrl
      (at (xyz 0 0 0))
      (scale (xyz 1 1 1))
      (rotate (xyz 0 0 0))
    )
  )

  (module Capacitor_SMD:C_0603_1608Metric (layer F.Cu) (tedit 5B301BBE) (tstamp 5F5C0C22)
    (at 153.973001 72.489001)
    (descr "Capacitor SMD 0603 (1608 Metric), square (rectangular) end terminal, IPC_7351 nominal, (Body size source: http://www.tortai-tech.com/upload/download/2011102023233369053.pdf), generated with kicad-footprint-generator")
    (tags capacitor)
    (path /5F4CD563)
    (attr smd)
    (fp_text reference C4 (at 0 -1.43) (layer F.SilkS)
      (effects (font (size 1 1) (thickness 0.15)))
    )
    (fp_text value C_Small (at 0 1.43) (layer F.Fab)
      (effects (font (size 1 1) (thickness 0.15)))
    )
    (fp_line (start -0.8 0.4) (end -0.8 -0.4) (layer F.Fab) (width 0.1))
    (fp_line (start -0.8 -0.4) (end 0.8 -0.4) (layer F.Fab) (width 0.1))
    (fp_line (start 0.8 -0.4) (end 0.8 0.4) (layer F.Fab) (width 0.1))
    (fp_line (start 0.8 0.4) (end -0.8 0.4) (layer F.Fab) (width 0.1))
    (fp_line (start -0.162779 -0.51) (end 0.162779 -0.51) (layer F.SilkS) (width 0.12))
    (fp_line (start -0.162779 0.51) (end 0.162779 0.51) (layer F.SilkS) (width 0.12))
    (fp_line (start -1.48 0.73) (end -1.48 -0.73) (layer F.CrtYd) (width 0.05))
    (fp_line (start -1.48 -0.73) (end 1.48 -0.73) (layer F.CrtYd) (width 0.05))
    (fp_line (start 1.48 -0.73) (end 1.48 0.73) (layer F.CrtYd) (width 0.05))
    (fp_line (start 1.48 0.73) (end -1.48 0.73) (layer F.CrtYd) (width 0.05))
    (fp_text user %R (at 0 0) (layer F.Fab)
      (effects (font (size 0.4 0.4) (thickness 0.06)))
    )
    (pad 1 smd roundrect (at -0.7875 0) (size 0.875 0.95) (layers F.Cu F.Paste F.Mask) (roundrect_rratio 0.25)
      (net 44 "Net-(C4-Pad1)"))
    (pad 2 smd roundrect (at 0.7875 0) (size 0.875 0.95) (layers F.Cu F.Paste F.Mask) (roundrect_rratio 0.25)
      (net 42 GND))
    (model ${KISYS3DMOD}/Capacitor_SMD.3dshapes/C_0603_1608Metric.wrl
      (at (xyz 0 0 0))
      (scale (xyz 1 1 1))
      (rotate (xyz 0 0 0))
    )
  )

  (module Capacitor_SMD:C_0603_1608Metric (layer F.Cu) (tedit 5B301BBE) (tstamp 5F5C0C33)
    (at 127.753001 98.299001)
    (descr "Capacitor SMD 0603 (1608 Metric), square (rectangular) end terminal, IPC_7351 nominal, (Body size source: http://www.tortai-tech.com/upload/download/2011102023233369053.pdf), generated with kicad-footprint-generator")
    (tags capacitor)
    (path /5F4CEB31)
    (attr smd)
    (fp_text reference C5 (at 0 -1.43) (layer F.SilkS)
      (effects (font (size 1 1) (thickness 0.15)))
    )
    (fp_text value C_Small (at 0 1.43) (layer F.Fab)
      (effects (font (size 1 1) (thickness 0.15)))
    )
    (fp_text user %R (at 0 0) (layer F.Fab)
      (effects (font (size 0.4 0.4) (thickness 0.06)))
    )
    (fp_line (start 1.48 0.73) (end -1.48 0.73) (layer F.CrtYd) (width 0.05))
    (fp_line (start 1.48 -0.73) (end 1.48 0.73) (layer F.CrtYd) (width 0.05))
    (fp_line (start -1.48 -0.73) (end 1.48 -0.73) (layer F.CrtYd) (width 0.05))
    (fp_line (start -1.48 0.73) (end -1.48 -0.73) (layer F.CrtYd) (width 0.05))
    (fp_line (start -0.162779 0.51) (end 0.162779 0.51) (layer F.SilkS) (width 0.12))
    (fp_line (start -0.162779 -0.51) (end 0.162779 -0.51) (layer F.SilkS) (width 0.12))
    (fp_line (start 0.8 0.4) (end -0.8 0.4) (layer F.Fab) (width 0.1))
    (fp_line (start 0.8 -0.4) (end 0.8 0.4) (layer F.Fab) (width 0.1))
    (fp_line (start -0.8 -0.4) (end 0.8 -0.4) (layer F.Fab) (width 0.1))
    (fp_line (start -0.8 0.4) (end -0.8 -0.4) (layer F.Fab) (width 0.1))
    (pad 2 smd roundrect (at 0.7875 0) (size 0.875 0.95) (layers F.Cu F.Paste F.Mask) (roundrect_rratio 0.25)
      (net 42 GND))
    (pad 1 smd roundrect (at -0.7875 0) (size 0.875 0.95) (layers F.Cu F.Paste F.Mask) (roundrect_rratio 0.25)
      (net 45 "Net-(C5-Pad1)"))
    (model ${KISYS3DMOD}/Capacitor_SMD.3dshapes/C_0603_1608Metric.wrl
      (at (xyz 0 0 0))
      (scale (xyz 1 1 1))
      (rotate (xyz 0 0 0))
    )
  )

  (module Capacitor_SMD:C_0603_1608Metric (layer F.Cu) (tedit 5B301BBE) (tstamp 5F5C0C44)
    (at 122.903001 102.949001)
    (descr "Capacitor SMD 0603 (1608 Metric), square (rectangular) end terminal, IPC_7351 nominal, (Body size source: http://www.tortai-tech.com/upload/download/2011102023233369053.pdf), generated with kicad-footprint-generator")
    (tags capacitor)
    (path /5F4CEF67)
    (attr smd)
    (fp_text reference C6 (at 0 -1.43) (layer F.SilkS)
      (effects (font (size 1 1) (thickness 0.15)))
    )
    (fp_text value C_Small (at 0 1.43) (layer F.Fab)
      (effects (font (size 1 1) (thickness 0.15)))
    )
    (fp_text user %R (at 0 0) (layer F.Fab)
      (effects (font (size 0.4 0.4) (thickness 0.06)))
    )
    (fp_line (start 1.48 0.73) (end -1.48 0.73) (layer F.CrtYd) (width 0.05))
    (fp_line (start 1.48 -0.73) (end 1.48 0.73) (layer F.CrtYd) (width 0.05))
    (fp_line (start -1.48 -0.73) (end 1.48 -0.73) (layer F.CrtYd) (width 0.05))
    (fp_line (start -1.48 0.73) (end -1.48 -0.73) (layer F.CrtYd) (width 0.05))
    (fp_line (start -0.162779 0.51) (end 0.162779 0.51) (layer F.SilkS) (width 0.12))
    (fp_line (start -0.162779 -0.51) (end 0.162779 -0.51) (layer F.SilkS) (width 0.12))
    (fp_line (start 0.8 0.4) (end -0.8 0.4) (layer F.Fab) (width 0.1))
    (fp_line (start 0.8 -0.4) (end 0.8 0.4) (layer F.Fab) (width 0.1))
    (fp_line (start -0.8 -0.4) (end 0.8 -0.4) (layer F.Fab) (width 0.1))
    (fp_line (start -0.8 0.4) (end -0.8 -0.4) (layer F.Fab) (width 0.1))
    (pad 2 smd roundrect (at 0.7875 0) (size 0.875 0.95) (layers F.Cu F.Paste F.Mask) (roundrect_rratio 0.25)
      (net 42 GND))
    (pad 1 smd roundrect (at -0.7875 0) (size 0.875 0.95) (layers F.Cu F.Paste F.Mask) (roundrect_rratio 0.25)
      (net 45 "Net-(C5-Pad1)"))
    (model ${KISYS3DMOD}/Capacitor_SMD.3dshapes/C_0603_1608Metric.wrl
      (at (xyz 0 0 0))
      (scale (xyz 1 1 1))
      (rotate (xyz 0 0 0))
    )
  )

  (module Capacitor_SMD:C_0603_1608Metric (layer F.Cu) (tedit 5B301BBE) (tstamp 5F5C0C55)
    (at 120.903001 105.769001)
    (descr "Capacitor SMD 0603 (1608 Metric), square (rectangular) end terminal, IPC_7351 nominal, (Body size source: http://www.tortai-tech.com/upload/download/2011102023233369053.pdf), generated with kicad-footprint-generator")
    (tags capacitor)
    (path /5F4D02B8)
    (attr smd)
    (fp_text reference C7 (at 0 -1.43) (layer F.SilkS)
      (effects (font (size 1 1) (thickness 0.15)))
    )
    (fp_text value C_Small (at 0 1.43) (layer F.Fab)
      (effects (font (size 1 1) (thickness 0.15)))
    )
    (fp_text user %R (at 0 0) (layer F.Fab)
      (effects (font (size 0.4 0.4) (thickness 0.06)))
    )
    (fp_line (start 1.48 0.73) (end -1.48 0.73) (layer F.CrtYd) (width 0.05))
    (fp_line (start 1.48 -0.73) (end 1.48 0.73) (layer F.CrtYd) (width 0.05))
    (fp_line (start -1.48 -0.73) (end 1.48 -0.73) (layer F.CrtYd) (width 0.05))
    (fp_line (start -1.48 0.73) (end -1.48 -0.73) (layer F.CrtYd) (width 0.05))
    (fp_line (start -0.162779 0.51) (end 0.162779 0.51) (layer F.SilkS) (width 0.12))
    (fp_line (start -0.162779 -0.51) (end 0.162779 -0.51) (layer F.SilkS) (width 0.12))
    (fp_line (start 0.8 0.4) (end -0.8 0.4) (layer F.Fab) (width 0.1))
    (fp_line (start 0.8 -0.4) (end 0.8 0.4) (layer F.Fab) (width 0.1))
    (fp_line (start -0.8 -0.4) (end 0.8 -0.4) (layer F.Fab) (width 0.1))
    (fp_line (start -0.8 0.4) (end -0.8 -0.4) (layer F.Fab) (width 0.1))
    (pad 2 smd roundrect (at 0.7875 0) (size 0.875 0.95) (layers F.Cu F.Paste F.Mask) (roundrect_rratio 0.25)
      (net 46 "Net-(C7-Pad2)"))
    (pad 1 smd roundrect (at -0.7875 0) (size 0.875 0.95) (layers F.Cu F.Paste F.Mask) (roundrect_rratio 0.25)
      (net 47 "Net-(C7-Pad1)"))
    (model ${KISYS3DMOD}/Capacitor_SMD.3dshapes/C_0603_1608Metric.wrl
      (at (xyz 0 0 0))
      (scale (xyz 1 1 1))
      (rotate (xyz 0 0 0))
    )
  )

  (module Capacitor_SMD:C_0603_1608Metric (layer F.Cu) (tedit 5B301BBE) (tstamp 5F5C0C66)
    (at 122.903001 100.439001)
    (descr "Capacitor SMD 0603 (1608 Metric), square (rectangular) end terminal, IPC_7351 nominal, (Body size source: http://www.tortai-tech.com/upload/download/2011102023233369053.pdf), generated with kicad-footprint-generator")
    (tags capacitor)
    (path /5F4CF1E8)
    (attr smd)
    (fp_text reference C8 (at 0 -1.43) (layer F.SilkS)
      (effects (font (size 1 1) (thickness 0.15)))
    )
    (fp_text value C_Small (at 0 1.43) (layer F.Fab)
      (effects (font (size 1 1) (thickness 0.15)))
    )
    (fp_line (start -0.8 0.4) (end -0.8 -0.4) (layer F.Fab) (width 0.1))
    (fp_line (start -0.8 -0.4) (end 0.8 -0.4) (layer F.Fab) (width 0.1))
    (fp_line (start 0.8 -0.4) (end 0.8 0.4) (layer F.Fab) (width 0.1))
    (fp_line (start 0.8 0.4) (end -0.8 0.4) (layer F.Fab) (width 0.1))
    (fp_line (start -0.162779 -0.51) (end 0.162779 -0.51) (layer F.SilkS) (width 0.12))
    (fp_line (start -0.162779 0.51) (end 0.162779 0.51) (layer F.SilkS) (width 0.12))
    (fp_line (start -1.48 0.73) (end -1.48 -0.73) (layer F.CrtYd) (width 0.05))
    (fp_line (start -1.48 -0.73) (end 1.48 -0.73) (layer F.CrtYd) (width 0.05))
    (fp_line (start 1.48 -0.73) (end 1.48 0.73) (layer F.CrtYd) (width 0.05))
    (fp_line (start 1.48 0.73) (end -1.48 0.73) (layer F.CrtYd) (width 0.05))
    (fp_text user %R (at 0 0) (layer F.Fab)
      (effects (font (size 0.4 0.4) (thickness 0.06)))
    )
    (pad 1 smd roundrect (at -0.7875 0) (size 0.875 0.95) (layers F.Cu F.Paste F.Mask) (roundrect_rratio 0.25)
      (net 48 "Net-(C8-Pad1)"))
    (pad 2 smd roundrect (at 0.7875 0) (size 0.875 0.95) (layers F.Cu F.Paste F.Mask) (roundrect_rratio 0.25)
      (net 49 "Net-(C8-Pad2)"))
    (model ${KISYS3DMOD}/Capacitor_SMD.3dshapes/C_0603_1608Metric.wrl
      (at (xyz 0 0 0))
      (scale (xyz 1 1 1))
      (rotate (xyz 0 0 0))
    )
  )

  (module LED_SMD:LED_0805_2012Metric (layer F.Cu) (tedit 5B36C52C) (tstamp 5F5C0C79)
    (at 145.753001 72.654001)
    (descr "LED SMD 0805 (2012 Metric), square (rectangular) end terminal, IPC_7351 nominal, (Body size source: https://docs.google.com/spreadsheets/d/1BsfQQcO9C6DZCsRaXUlFlo91Tg2WpOkGARC1WS5S8t0/edit?usp=sharing), generated with kicad-footprint-generator")
    (tags diode)
    (path /5F4C5617)
    (attr smd)
    (fp_text reference D1 (at 0 -1.65) (layer F.SilkS)
      (effects (font (size 1 1) (thickness 0.15)))
    )
    (fp_text value LED (at 0 1.65) (layer F.Fab)
      (effects (font (size 1 1) (thickness 0.15)))
    )
    (fp_line (start 1 -0.6) (end -0.7 -0.6) (layer F.Fab) (width 0.1))
    (fp_line (start -0.7 -0.6) (end -1 -0.3) (layer F.Fab) (width 0.1))
    (fp_line (start -1 -0.3) (end -1 0.6) (layer F.Fab) (width 0.1))
    (fp_line (start -1 0.6) (end 1 0.6) (layer F.Fab) (width 0.1))
    (fp_line (start 1 0.6) (end 1 -0.6) (layer F.Fab) (width 0.1))
    (fp_line (start 1 -0.96) (end -1.685 -0.96) (layer F.SilkS) (width 0.12))
    (fp_line (start -1.685 -0.96) (end -1.685 0.96) (layer F.SilkS) (width 0.12))
    (fp_line (start -1.685 0.96) (end 1 0.96) (layer F.SilkS) (width 0.12))
    (fp_line (start -1.68 0.95) (end -1.68 -0.95) (layer F.CrtYd) (width 0.05))
    (fp_line (start -1.68 -0.95) (end 1.68 -0.95) (layer F.CrtYd) (width 0.05))
    (fp_line (start 1.68 -0.95) (end 1.68 0.95) (layer F.CrtYd) (width 0.05))
    (fp_line (start 1.68 0.95) (end -1.68 0.95) (layer F.CrtYd) (width 0.05))
