(kicad_pcb (version 20171130) (host pcbnew 5.1.5+dfsg1-2build2)

  (general
    (thickness 1.6)
    (drawings 4)
    (tracks 56)
    (zones 0)
    (modules 47)
    (nets 90)
  )

  (page A4)
  (title_block
    (date 2020-09-12)
  )

  (layers
    (0 F.Cu signal)
    (31 B.Cu signal)
    (32 B.Adhes user)
    (33 F.Adhes user)
    (34 B.Paste user)
    (35 F.Paste user)
    (36 B.SilkS user)
    (37 F.SilkS user)
    (38 B.Mask user)
    (39 F.Mask user)
    (40 Dwgs.User user)
    (41 Cmts.User user)
    (42 Eco1.User user)
    (43 Eco2.User user)
    (44 Edge.Cuts user)
    (45 Margin user)
    (46 B.CrtYd user hide)
    (47 F.CrtYd user hide)
    (48 B.Fab user hide)
    (49 F.Fab user hide)
  )

  (setup
    (last_trace_width 0.4064)
    (user_trace_width 0.127)
    (user_trace_width 0.1524)
    (user_trace_width 0.1778)
    (user_trace_width 0.2032)
    (user_trace_width 0.2286)
    (user_trace_width 0.254)
    (user_trace_width 0.3048)
    (user_trace_width 0.3556)
    (user_trace_width 0.4064)
    (user_trace_width 0.4572)
    (user_trace_width 0.508)
    (user_trace_width 0.6096)
    (user_trace_width 0.6604)
    (user_trace_width 0.762)
    (user_trace_width 0.9144)
    (user_trace_width 1.016)
    (user_trace_width 1.27)
    (user_trace_width 2.54)
    (trace_clearance 0.127)
    (zone_clearance 0.508)
    (zone_45_only no)
    (trace_min 0.127)
    (via_size 0.6)
    (via_drill 0.3)
    (via_min_size 0.6)
    (via_min_drill 0.3)
    (user_via 0.6 0.3)
    (user_via 0.8 0.4)
    (user_via 1 0.8)
    (uvia_size 0.3)
    (uvia_drill 0.1)
    (uvias_allowed no)
    (uvia_min_size 0.2)
    (uvia_min_drill 0.1)
    (edge_width 0.05)
    (segment_width 0.127)
    (pcb_text_width 0.1524)
    (pcb_text_size 0.8128 0.8128)
    (mod_edge_width 0.1524)
    (mod_text_size 0.8128 0.8128)
    (mod_text_width 0.1524)
    (pad_size 1.524 1.524)
    (pad_drill 0.762)
    (pad_to_mask_clearance 0.051)
    (solder_mask_min_width 0.25)
    (aux_axis_origin 0 0)
    (grid_origin 101.6 110.49)
    (visible_elements FFFFFF7F)
    (pcbplotparams
      (layerselection 0x010fc_ffffffff)
      (usegerberextensions false)
      (usegerberattributes false)
      (usegerberadvancedattributes false)
      (creategerberjobfile false)
      (excludeedgelayer true)
      (linewidth 0.100000)
      (plotframeref false)
      (viasonmask false)
      (mode 1)
      (useauxorigin false)
      (hpglpennumber 1)
      (hpglpenspeed 20)
      (hpglpendiameter 15.000000)
      (psnegative false)
      (psa4output false)
      (plotreference true)
      (plotvalue true)
      (plotinvisibletext false)
      (padsonsilk false)
      (subtractmaskfromsilk false)
      (outputformat 1)
      (mirror false)
      (drillshape 1)
      (scaleselection 1)
      (outputdirectory ""))
  )

  (net 0 "")
  (net 1 GND)
  (net 2 5V)
  (net 3 +3V3)
  (net 4 ESP_RST)
  (net 5 IO13-MTCK)
  (net 6 IO12-MTDI)
  (net 7 IO14-MTMS)
  (net 8 IO27)
  (net 9 IO26)
  (net 10 IO25)
  (net 11 IO35)
  (net 12 IO34)
  (net 13 IO33-32kXN)
  (net 14 IO32-32kXP)
  (net 15 SVN)
  (net 16 SVP)
  (net 17 IO21)
  (net 18 ESP_TX)
  (net 19 ESP_RX)
  (net 20 IO22)
  (net 21 IO19)
  (net 22 IO23)
  (net 23 IO18)
  (net 24 IO5)
  (net 25 IO15-MTDO)
  (net 26 IO2)
  (net 27 ESP_BOOT)
  (net 28 IO4)
  (net 29 IO17)
  (net 30 IO16)
  (net 31 "Net-(C3-Pad1)")
  (net 32 "Net-(C4-Pad2)")
  (net 33 "Net-(C11-Pad1)")
  (net 34 "Net-(D1-Pad2)")
  (net 35 "Net-(F1-Pad2)")
  (net 36 "Net-(J1-PadA7)")
  (net 37 "Net-(J1-PadA6)")
  (net 38 "Net-(J1-PadB8)")
  (net 39 "Net-(J1-PadA5)")
  (net 40 "Net-(J1-PadA8)")
  (net 41 "Net-(J1-PadB5)")
  (net 42 OLED_P1)
  (net 43 OLED_P2)
  (net 44 SCL)
  (net 45 SDA)
  (net 46 "Net-(J3-Pad7)")
  (net 47 JTAG_RST)
  (net 48 "Net-(Q1-Pad1)")
  (net 49 RTS)
  (net 50 DTR)
  (net 51 "Net-(Q2-Pad1)")
  (net 52 D-)
  (net 53 D+)
  (net 54 "Net-(R12-Pad2)")
  (net 55 "Net-(R13-Pad1)")
  (net 56 XI)
  (net 57 XO)
  (net 58 "Net-(U2-Pad9)")
  (net 59 "Net-(U2-Pad10)")
  (net 60 "Net-(U2-Pad11)")
  (net 61 "Net-(U2-Pad12)")
  (net 62 "Net-(U2-Pad15)")
  (net 63 SHD)
  (net 64 SWP)
  (net 65 SCS)
  (net 66 SCK)
  (net 67 SDO)
  (net 68 SDI)
  (net 69 "Net-(U3-Pad32)")
  (net 70 "Net-(J4-Pad20)")
  (net 71 "Net-(J4-Pad19)")
  (net 72 "Net-(J4-Pad18)")
  (net 73 "Net-(J4-Pad17)")
  (net 74 "Net-(J4-Pad16)")
  (net 75 "Net-(J4-Pad15)")
  (net 76 "Net-(J4-Pad14)")
  (net 77 "Net-(J4-Pad13)")
  (net 78 "Net-(J4-Pad12)")
  (net 79 "Net-(J4-Pad11)")
  (net 80 "Net-(J4-Pad10)")
  (net 81 "Net-(J4-Pad9)")
  (net 82 "Net-(J4-Pad8)")
  (net 83 "Net-(J4-Pad7)")
  (net 84 "Net-(J4-Pad6)")
  (net 85 "Net-(J4-Pad5)")
  (net 86 "Net-(J4-Pad4)")
  (net 87 "Net-(J4-Pad3)")
  (net 88 "Net-(J4-Pad2)")
  (net 89 "Net-(J4-Pad1)")

  (net_class Default "This is the default net class."
    (clearance 0.127)
    (trace_width 0.127)
    (via_dia 0.6)
    (via_drill 0.3)
    (uvia_dia 0.3)
    (uvia_drill 0.1)
    (add_net +3V3)
    (add_net 5V)
    (add_net D+)
    (add_net D-)
    (add_net DTR)
    (add_net ESP_BOOT)
    (add_net ESP_RST)
    (add_net ESP_RX)
    (add_net ESP_TX)
    (add_net GND)
    (add_net IO12-MTDI)
    (add_net IO13-MTCK)
    (add_net IO14-MTMS)
    (add_net IO15-MTDO)
    (add_net IO16)
    (add_net IO17)
    (add_net IO18)
    (add_net IO19)
    (add_net IO2)
    (add_net IO21)
    (add_net IO22)
    (add_net IO23)
    (add_net IO25)
    (add_net IO26)
    (add_net IO27)
    (add_net IO32-32kXP)
    (add_net IO33-32kXN)
    (add_net IO34)
    (add_net IO35)
    (add_net IO4)
    (add_net IO5)
    (add_net JTAG_RST)
    (add_net "Net-(C11-Pad1)")
    (add_net "Net-(C3-Pad1)")
    (add_net "Net-(C4-Pad2)")
    (add_net "Net-(D1-Pad2)")
    (add_net "Net-(F1-Pad2)")
    (add_net "Net-(J1-PadA5)")
    (add_net "Net-(J1-PadA6)")
    (add_net "Net-(J1-PadA7)")
    (add_net "Net-(J1-PadA8)")
    (add_net "Net-(J1-PadB5)")
    (add_net "Net-(J1-PadB8)")
    (add_net "Net-(J3-Pad7)")
    (add_net "Net-(J4-Pad1)")
    (add_net "Net-(J4-Pad10)")
    (add_net "Net-(J4-Pad11)")
    (add_net "Net-(J4-Pad12)")
    (add_net "Net-(J4-Pad13)")
    (add_net "Net-(J4-Pad14)")
    (add_net "Net-(J4-Pad15)")
    (add_net "Net-(J4-Pad16)")
    (add_net "Net-(J4-Pad17)")
    (add_net "Net-(J4-Pad18)")
    (add_net "Net-(J4-Pad19)")
    (add_net "Net-(J4-Pad2)")
    (add_net "Net-(J4-Pad20)")
    (add_net "Net-(J4-Pad3)")
    (add_net "Net-(J4-Pad4)")
    (add_net "Net-(J4-Pad5)")
    (add_net "Net-(J4-Pad6)")
    (add_net "Net-(J4-Pad7)")
    (add_net "Net-(J4-Pad8)")
    (add_net "Net-(J4-Pad9)")
    (add_net "Net-(Q1-Pad1)")
    (add_net "Net-(Q2-Pad1)")
    (add_net "Net-(R12-Pad2)")
    (add_net "Net-(R13-Pad1)")
    (add_net "Net-(U2-Pad10)")
    (add_net "Net-(U2-Pad11)")
    (add_net "Net-(U2-Pad12)")
    (add_net "Net-(U2-Pad15)")
    (add_net "Net-(U2-Pad9)")
    (add_net "Net-(U3-Pad32)")
    (add_net OLED_P1)
    (add_net OLED_P2)
    (add_net RTS)
    (add_net SCK)
    (add_net SCL)
    (add_net SCS)
    (add_net SDA)
    (add_net SDI)
    (add_net SDO)
    (add_net SHD)
    (add_net SVN)
    (add_net SVP)
    (add_net SWP)
    (add_net XI)
    (add_net XO)
  )

  (module Connector_PinHeader_2.54mm:PinHeader_1x20_P2.54mm_Vertical (layer B.Cu) (tedit 59FED5CC) (tstamp 5F5CE683)
    (at 102.87 109.22)
    (descr "Through hole straight pin header, 1x20, 2.54mm pitch, single row")
    (tags "Through hole pin header THT 1x20 2.54mm single row")
    (path /5F63B944)
    (fp_text reference J4 (at 0 2.33) (layer B.SilkS)
      (effects (font (size 1 1) (thickness 0.15)) (justify mirror))
    )
    (fp_text value Conn_01x20_Male (at 0 -50.59) (layer B.Fab)
      (effects (font (size 1 1) (thickness 0.15)) (justify mirror))
    )
    (fp_text user %R (at 0 -24.13 -90) (layer B.Fab)
      (effects (font (size 1 1) (thickness 0.15)) (justify mirror))
    )
    (fp_line (start 1.8 1.8) (end -1.8 1.8) (layer B.CrtYd) (width 0.05))
    (fp_line (start 1.8 -50.05) (end 1.8 1.8) (layer B.CrtYd) (width 0.05))
    (fp_line (start -1.8 -50.05) (end 1.8 -50.05) (layer B.CrtYd) (width 0.05))
    (fp_line (start -1.8 1.8) (end -1.8 -50.05) (layer B.CrtYd) (width 0.05))
    (fp_line (start -1.33 1.33) (end 0 1.33) (layer B.SilkS) (width 0.12))
    (fp_line (start -1.33 0) (end -1.33 1.33) (layer B.SilkS) (width 0.12))
    (fp_line (start -1.33 -1.27) (end 1.33 -1.27) (layer B.SilkS) (width 0.12))
    (fp_line (start 1.33 -1.27) (end 1.33 -49.59) (layer B.SilkS) (width 0.12))
    (fp_line (start -1.33 -1.27) (end -1.33 -49.59) (layer B.SilkS) (width 0.12))
    (fp_line (start -1.33 -49.59) (end 1.33 -49.59) (layer B.SilkS) (width 0.12))
    (fp_line (start -1.27 0.635) (end -0.635 1.27) (layer B.Fab) (width 0.1))
    (fp_line (start -1.27 -49.53) (end -1.27 0.635) (layer B.Fab) (width 0.1))
    (fp_line (start 1.27 -49.53) (end -1.27 -49.53) (layer B.Fab) (width 0.1))
    (fp_line (start 1.27 1.27) (end 1.27 -49.53) (layer B.Fab) (width 0.1))
    (fp_line (start -0.635 1.27) (end 1.27 1.27) (layer B.Fab) (width 0.1))
    (pad 20 thru_hole oval (at 0 -48.26) (size 1.7 1.7) (drill 1) (layers *.Cu *.Mask)
      (net 70 "Net-(J4-Pad20)"))
    (pad 19 thru_hole oval (at 0 -45.72) (size 1.7 1.7) (drill 1) (layers *.Cu *.Mask)
      (net 71 "Net-(J4-Pad19)"))
    (pad 18 thru_hole oval (at 0 -43.18) (size 1.7 1.7) (drill 1) (layers *.Cu *.Mask)
      (net 72 "Net-(J4-Pad18)"))
    (pad 17 thru_hole oval (at 0 -40.64) (size 1.7 1.7) (drill 1) (layers *.Cu *.Mask)
      (net 73 "Net-(J4-Pad17)"))
    (pad 16 thru_hole oval (at 0 -38.1) (size 1.7 1.7) (drill 1) (layers *.Cu *.Mask)
      (net 74 "Net-(J4-Pad16)"))
    (pad 15 thru_hole oval (at 0 -35.56) (size 1.7 1.7) (drill 1) (layers *.Cu *.Mask)
      (net 75 "Net-(J4-Pad15)"))
    (pad 14 thru_hole oval (at 0 -33.02) (size 1.7 1.7) (drill 1) (layers *.Cu *.Mask)
      (net 76 "Net-(J4-Pad14)"))
    (pad 13 thru_hole oval (at 0 -30.48) (size 1.7 1.7) (drill 1) (layers *.Cu *.Mask)
      (net 77 "Net-(J4-Pad13)"))
    (pad 12 thru_hole oval (at 0 -27.94) (size 1.7 1.7) (drill 1) (layers *.Cu *.Mask)
      (net 78 "Net-(J4-Pad12)"))
    (pad 11 thru_hole oval (at 0 -25.4) (size 1.7 1.7) (drill 1) (layers *.Cu *.Mask)
      (net 79 "Net-(J4-Pad11)"))
    (pad 10 thru_hole oval (at 0 -22.86) (size 1.7 1.7) (drill 1) (layers *.Cu *.Mask)
      (net 80 "Net-(J4-Pad10)"))
    (pad 9 thru_hole oval (at 0 -20.32) (size 1.7 1.7) (drill 1) (layers *.Cu *.Mask)
      (net 81 "Net-(J4-Pad9)"))
    (pad 8 thru_hole oval (at 0 -17.78) (size 1.7 1.7) (drill 1) (layers *.Cu *.Mask)
      (net 82 "Net-(J4-Pad8)"))
    (pad 7 thru_hole oval (at 0 -15.24) (size 1.7 1.7) (drill 1) (layers *.Cu *.Mask)
      (net 83 "Net-(J4-Pad7)"))
    (pad 6 thru_hole oval (at 0 -12.7) (size 1.7 1.7) (drill 1) (layers *.Cu *.Mask)
      (net 84 "Net-(J4-Pad6)"))
    (pad 5 thru_hole oval (at 0 -10.16) (size 1.7 1.7) (drill 1) (layers *.Cu *.Mask)
      (net 85 "Net-(J4-Pad5)"))
    (pad 4 thru_hole oval (at 0 -7.62) (size 1.7 1.7) (drill 1) (layers *.Cu *.Mask)
      (net 86 "Net-(J4-Pad4)"))
    (pad 3 thru_hole oval (at 0 -5.08) (size 1.7 1.7) (drill 1) (layers *.Cu *.Mask)
      (net 87 "Net-(J4-Pad3)"))
    (pad 2 thru_hole oval (at 0 -2.54) (size 1.7 1.7) (drill 1) (layers *.Cu *.Mask)
      (net 88 "Net-(J4-Pad2)"))
    (pad 1 thru_hole rect (at 0 0) (size 1.7 1.7) (drill 1) (layers *.Cu *.Mask)
      (net 89 "Net-(J4-Pad1)"))
    (model ${KISYS3DMOD}/Connector_PinHeader_2.54mm.3dshapes/PinHeader_1x20_P2.54mm_Vertical.wrl
      (at (xyz 0 0 0))
      (scale (xyz 1 1 1))
      (rotate (xyz 0 0 0))
    )
  )

  (module Boards:ESP32_THING (layer F.Cu) (tedit 200000) (tstamp 5F5D3473)
    (at 101.596 110.464601)
    (descr "SPARKFUN ESP32 THING BOARD")
    (tags "SPARKFUN ESP32 THING BOARD")
    (path /5F4B9300)
    (attr virtual)
    (fp_text reference B1 (at 12.7 -2.54) (layer F.SilkS)
      (effects (font (size 0.6096 0.6096) (thickness 0.127)))
    )
    (fp_text value ESP32_THING_W_ANT_KEEPOUT (at 12.7 -1.27) (layer F.SilkS)
      (effects (font (size 0.6096 0.6096) (thickness 0.127)))
    )
    (fp_line (start 0 0) (end 0 -51.435) (layer Dwgs.User) (width 0.2032))
    (fp_line (start 0 -51.435) (end 0 -58.293) (layer Dwgs.User) (width 0.2032))
    (fp_line (start 0.635 -58.928) (end 24.765 -58.928) (layer Dwgs.User) (width 0.2032))
    (fp_line (start 25.4 -58.293) (end 25.4 -51.435) (layer Dwgs.User) (width 0.2032))
    (fp_line (start 25.4 -51.435) (end 25.4 0) (layer Dwgs.User) (width 0.2032))
    (fp_line (start 25.4 0) (end 0 0) (layer Dwgs.User) (width 0.2032))
    (fp_line (start 0 -51.435) (end 25.4 -51.435) (layer Dwgs.User) (width 0.127))
    (fp_line (start 0 -51.435) (end 25.4 -51.435) (layer F.SilkS) (width 0.127))
    (fp_line (start 25.4 -51.435) (end 25.4 -58.928) (layer F.SilkS) (width 0.127))
    (fp_line (start 25.4 -58.928) (end 0 -58.928) (layer F.SilkS) (width 0.127))
    (fp_line (start 0 -58.928) (end 0 -51.435) (layer F.SilkS) (width 0.127))
    (fp_line (start 0 -51.435) (end 25.4 -51.435) (layer F.SilkS) (width 0.127))
    (fp_line (start 25.4 -51.435) (end 25.4 -58.928) (layer F.SilkS) (width 0.127))
    (fp_line (start 25.4 -58.928) (end 0 -58.928) (layer F.SilkS) (width 0.127))
    (fp_line (start 0 -58.928) (end 0 -51.435) (layer F.SilkS) (width 0.127))
    (fp_arc (start 0.635 -58.293) (end 0 -58.293) (angle 90) (layer Dwgs.User) (width 0.2032))
    (fp_arc (start 24.765 -58.293) (end 24.765 -58.928) (angle 90) (layer Dwgs.User) (width 0.2032))
    (fp_text user 34 (at 3.81 -34.4805) (layer Dwgs.User)
      (effects (font (size 0.889 0.889) (thickness 0.127)))
    )
    (fp_text user 35 (at 3.81 -31.9405) (layer Dwgs.User)
      (effects (font (size 0.889 0.889) (thickness 0.127)))
    )
    (fp_text user 32 (at 3.81 -39.55796) (layer Dwgs.User)
      (effects (font (size 0.889 0.889) (thickness 0.127)))
    )
    (fp_text user 33 (at 3.81 -37.0205) (layer Dwgs.User)
      (effects (font (size 0.889 0.889) (thickness 0.127)))
    )
    (fp_text user 25 (at 3.81 -29.4005) (layer Dwgs.User)
      (effects (font (size 0.889 0.889) (thickness 0.127)))
    )
    (fp_text user 26 (at 3.81 -26.85796) (layer Dwgs.User)
      (effects (font (size 0.889 0.889) (thickness 0.127)))
    )
    (fp_text user 27 (at 3.7846 -24.3205) (layer Dwgs.User)
      (effects (font (size 0.889 0.889) (thickness 0.127)))
    )
    (fp_text user 14 (at 3.7846 -21.7805) (layer Dwgs.User)
      (effects (font (size 0.889 0.889) (thickness 0.127)))
    )
    (fp_text user 12 (at 3.7846 -19.2405) (layer Dwgs.User)
      (effects (font (size 0.889 0.889) (thickness 0.127)))
    )
    (fp_text user 13 (at 3.81 -16.8275) (layer Dwgs.User)
      (effects (font (size 0.889 0.889) (thickness 0.127)))
    )
    (fp_text user VBAT (at 4.699 -6.6675) (layer Dwgs.User)
      (effects (font (size 0.889 0.889) (thickness 0.127)))
    )
    (fp_text user 19 (at 20.9169 -36.7665) (layer Dwgs.User)
      (effects (font (size 0.889 0.889) (thickness 0.127)))
    )
    (fp_text user 21 (at 20.9169 -46.9265) (layer Dwgs.User)
      (effects (font (size 0.889 0.889) (thickness 0.127)))
    )
    (fp_text user 22 (at 20.9423 -39.30396) (layer Dwgs.User)
      (effects (font (size 0.889 0.889) (thickness 0.127)))
    )
    (fp_text user RX (at 20.9677 -41.8465) (layer Dwgs.User)
      (effects (font (size 0.889 0.889) (thickness 0.127)))
    )
    (fp_text user TX (at 20.9169 -44.3865) (layer Dwgs.User)
      (effects (font (size 0.889 0.889) (thickness 0.127)))
    )
    (fp_text user 23 (at 20.9169 -34.2265) (layer Dwgs.User)
      (effects (font (size 0.889 0.889) (thickness 0.127)))
    )
    (fp_text user 18 (at 20.9169 -31.6865) (layer Dwgs.User)
      (effects (font (size 0.889 0.889) (thickness 0.127)))
    )
    (fp_text user 5 (at 20.4724 -29.1465) (layer Dwgs.User)
      (effects (font (size 0.889 0.889) (thickness 0.127)))
    )
    (fp_text user 15 (at 20.9169 -26.60396) (layer Dwgs.User)
      (effects (font (size 0.889 0.889) (thickness 0.127)))
    )
    (fp_text user 2 (at 20.4724 -24.0665) (layer Dwgs.User)
      (effects (font (size 0.889 0.889) (thickness 0.127)))
    )
    (fp_text user 0 (at 20.4724 -21.5265) (layer Dwgs.User)
      (effects (font (size 0.889 0.889) (thickness 0.127)))
    )
    (fp_text user 4 (at 20.4724 -18.9865) (layer Dwgs.User)
      (effects (font (size 0.889 0.889) (thickness 0.127)))
    )
    (fp_text user 17 (at 20.9169 -16.4465) (layer Dwgs.User)
      (effects (font (size 0.889 0.889) (thickness 0.127)))
    )
    (fp_text user 16 (at 20.9169 -13.9065) (layer Dwgs.User)
      (effects (font (size 0.889 0.889) (thickness 0.127)))
    )
    (fp_text user 39 (at 3.81 -42.1005) (layer Dwgs.User)
      (effects (font (size 0.889 0.889) (thickness 0.127)))
    )
    (fp_text user 38 (at 3.81 -44.6405) (layer Dwgs.User)
      (effects (font (size 0.889 0.889) (thickness 0.127)))
    )
    (fp_text user 37 (at 3.81 -47.1805) (layer Dwgs.User)
      (effects (font (size 0.889 0.889) (thickness 0.127)))
    )
    (fp_text user 36 (at 3.81 -49.7205) (layer Dwgs.User)
      (effects (font (size 0.889 0.889) (thickness 0.127)))
    )
    (fp_text user GND (at 21.2852 -49.4665) (layer Dwgs.User)
      (effects (font (size 0.889 0.889) (thickness 0.127)))
    )
    (fp_text user !RST! (at 5.1435 -14.2875) (layer Dwgs.User)
      (effects (font (size 0.889 0.889) (thickness 0.127)))
    )
    (fp_text user 3V3 (at 4.2545 -11.7475) (layer Dwgs.User)
      (effects (font (size 0.889 0.889) (thickness 0.127)))
    )
    (fp_text user GND (at 4.2545 -9.2075) (layer Dwgs.User)
      (effects (font (size 0.889 0.889) (thickness 0.127)))
    )
    (fp_text user VUSB (at 4.699 -4.12496) (layer Dwgs.User)
      (effects (font (size 0.889 0.889) (thickness 0.127)))
    )
    (fp_text user GND (at 4.2545 -1.5875) (layer Dwgs.User)
      (effects (font (size 0.889 0.889) (thickness 0.127)))
    )
    (fp_text user 3V3 (at 21.3614 -11.3665) (layer Dwgs.User)
      (effects (font (size 0.889 0.889) (thickness 0.127)))
    )
    (fp_text user GND (at 21.3614 -8.8265) (layer Dwgs.User)
      (effects (font (size 0.889 0.889) (thickness 0.127)))
    )
    (fp_text user VBAT (at 21.8059 -6.2865) (layer Dwgs.User)
      (effects (font (size 0.889 0.889) (thickness 0.127)))
    )
    (fp_text user VUSB (at 21.8059 -3.7465) (layer Dwgs.User)
      (effects (font (size 0.889 0.889) (thickness 0.127)))
    )
    (fp_text user GND (at 21.3614 -1.2065) (layer Dwgs.User)
      (effects (font (size 0.889 0.889) (thickness 0.127)))
    )
    (fp_text user "Antenna Keepout" (at 12.7 -55.245) (layer Dwgs.User)
      (effects (font (size 0.889 0.889) (thickness 0.0762)))
    )
    (pad 1 thru_hole rect (at 1.27 -1.27) (size 1.8796 1.8796) (drill 1.016) (layers *.Cu *.Mask)
      (net 1 GND) (solder_mask_margin 0.1016))
    (pad 2 thru_hole circle (at 1.27 -3.81) (size 1.8796 1.8796) (drill 1.016) (layers *.Cu *.Mask)
      (net 2 5V) (solder_mask_margin 0.1016))
    (pad 3 thru_hole circle (at 1.27 -6.35) (size 1.8796 1.8796) (drill 1.016) (layers *.Cu *.Mask)
      (net 2 5V) (solder_mask_margin 0.1016))
    (pad 4 thru_hole circle (at 1.27 -8.89) (size 1.8796 1.8796) (drill 1.016) (layers *.Cu *.Mask)
      (net 1 GND) (solder_mask_margin 0.1016))
    (pad 5 thru_hole circle (at 1.27 -11.43) (size 1.8796 1.8796) (drill 1.016) (layers *.Cu *.Mask)
      (net 3 +3V3) (solder_mask_margin 0.1016))
    (pad 6 thru_hole circle (at 1.27 -13.97) (size 1.8796 1.8796) (drill 1.016) (layers *.Cu *.Mask)
      (net 4 ESP_RST) (solder_mask_margin 0.1016))
    (pad 7 thru_hole circle (at 1.27 -16.51) (size 1.8796 1.8796) (drill 1.016) (layers *.Cu *.Mask)
      (net 5 IO13-MTCK) (solder_mask_margin 0.1016))
    (pad 8 thru_hole circle (at 1.27 -19.05) (size 1.8796 1.8796) (drill 1.016) (layers *.Cu *.Mask)
      (net 6 IO12-MTDI) (solder_mask_margin 0.1016))
    (pad 9 thru_hole circle (at 1.27 -21.59) (size 1.8796 1.8796) (drill 1.016) (layers *.Cu *.Mask)
      (net 7 IO14-MTMS) (solder_mask_margin 0.1016))
    (pad 10 thru_hole circle (at 1.27 -24.13) (size 1.8796 1.8796) (drill 1.016) (layers *.Cu *.Mask)
      (net 8 IO27) (solder_mask_margin 0.1016))
    (pad 11 thru_hole circle (at 1.27 -26.67) (size 1.8796 1.8796) (drill 1.016) (layers *.Cu *.Mask)
      (net 9 IO26) (solder_mask_margin 0.1016))
    (pad 12 thru_hole circle (at 1.27 -29.21) (size 1.8796 1.8796) (drill 1.016) (layers *.Cu *.Mask)
      (net 10 IO25) (solder_mask_margin 0.1016))
    (pad 13 thru_hole circle (at 1.27 -31.75) (size 1.8796 1.8796) (drill 1.016) (layers *.Cu *.Mask)
      (net 11 IO35) (solder_mask_margin 0.1016))
    (pad 14 thru_hole circle (at 1.27 -34.29) (size 1.8796 1.8796) (drill 1.016) (layers *.Cu *.Mask)
      (net 12 IO34) (solder_mask_margin 0.1016))
    (pad 15 thru_hole circle (at 1.27 -36.83) (size 1.8796 1.8796) (drill 1.016) (layers *.Cu *.Mask)
      (net 13 IO33-32kXN) (solder_mask_margin 0.1016))
    (pad 16 thru_hole circle (at 1.27 -39.37) (size 1.8796 1.8796) (drill 1.016) (layers *.Cu *.Mask)
      (net 14 IO32-32kXP) (solder_mask_margin 0.1016))
    (pad 17 thru_hole circle (at 1.27 -41.91) (size 1.8796 1.8796) (drill 1.016) (layers *.Cu *.Mask)
      (net 15 SVN) (solder_mask_margin 0.1016))
    (pad 18 thru_hole circle (at 1.27 -44.45) (size 1.8796 1.8796) (drill 1.016) (layers *.Cu *.Mask)
      (net 1 GND) (solder_mask_margin 0.1016))
    (pad 19 thru_hole circle (at 1.27 -46.99) (size 1.8796 1.8796) (drill 1.016) (layers *.Cu *.Mask)
      (net 3 +3V3) (solder_mask_margin 0.1016))
    (pad 20 thru_hole circle (at 1.27 -49.53) (size 1.8796 1.8796) (drill 1.016) (layers *.Cu *.Mask)
      (net 16 SVP) (solder_mask_margin 0.1016))
    (pad 21 thru_hole circle (at 24.13 -49.53) (size 1.8796 1.8796) (drill 1.016) (layers *.Cu *.Mask)
      (net 1 GND) (solder_mask_margin 0.1016))
    (pad 22 thru_hole circle (at 24.13 -46.99) (size 1.8796 1.8796) (drill 1.016) (layers *.Cu *.Mask)
      (net 17 IO21) (solder_mask_margin 0.1016))
    (pad 23 thru_hole circle (at 24.13 -44.45) (size 1.8796 1.8796) (drill 1.016) (layers *.Cu *.Mask)
      (net 18 ESP_TX) (solder_mask_margin 0.1016))
    (pad 24 thru_hole circle (at 24.13 -41.91) (size 1.8796 1.8796) (drill 1.016) (layers *.Cu *.Mask)
      (net 19 ESP_RX) (solder_mask_margin 0.1016))
    (pad 25 thru_hole circle (at 24.13 -39.37) (size 1.8796 1.8796) (drill 1.016) (layers *.Cu *.Mask)
      (net 20 IO22) (solder_mask_margin 0.1016))
    (pad 26 thru_hole circle (at 24.13 -36.83) (size 1.8796 1.8796) (drill 1.016) (layers *.Cu *.Mask)
      (net 21 IO19) (solder_mask_margin 0.1016))
    (pad 27 thru_hole circle (at 24.13 -34.29) (size 1.8796 1.8796) (drill 1.016) (layers *.Cu *.Mask)
      (net 22 IO23) (solder_mask_margin 0.1016))
    (pad 28 thru_hole circle (at 24.13 -31.75) (size 1.8796 1.8796) (drill 1.016) (layers *.Cu *.Mask)
      (net 23 IO18) (solder_mask_margin 0.1016))
    (pad 29 thru_hole circle (at 24.13 -29.21) (size 1.8796 1.8796) (drill 1.016) (layers *.Cu *.Mask)
      (net 24 IO5) (solder_mask_margin 0.1016))
    (pad 30 thru_hole circle (at 24.13 -26.67) (size 1.8796 1.8796) (drill 1.016) (layers *.Cu *.Mask)
      (net 25 IO15-MTDO) (solder_mask_margin 0.1016))
    (pad 31 thru_hole circle (at 24.13 -24.13) (size 1.8796 1.8796) (drill 1.016) (layers *.Cu *.Mask)
      (net 26 IO2) (solder_mask_margin 0.1016))
    (pad 32 thru_hole circle (at 24.13 -21.59) (size 1.8796 1.8796) (drill 1.016) (layers *.Cu *.Mask)
      (net 27 ESP_BOOT) (solder_mask_margin 0.1016))
    (pad 33 thru_hole circle (at 24.13 -19.05) (size 1.8796 1.8796) (drill 1.016) (layers *.Cu *.Mask)
      (net 28 IO4) (solder_mask_margin 0.1016))
    (pad 34 thru_hole circle (at 24.13 -16.51) (size 1.8796 1.8796) (drill 1.016) (layers *.Cu *.Mask)
      (net 29 IO17) (solder_mask_margin 0.1016))
    (pad 35 thru_hole circle (at 24.13 -13.97) (size 1.8796 1.8796) (drill 1.016) (layers *.Cu *.Mask)
      (net 30 IO16) (solder_mask_margin 0.1016))
    (pad 36 thru_hole circle (at 24.13 -11.43) (size 1.8796 1.8796) (drill 1.016) (layers *.Cu *.Mask)
      (net 3 +3V3) (solder_mask_margin 0.1016))
    (pad 37 thru_hole circle (at 24.13 -8.89) (size 1.8796 1.8796) (drill 1.016) (layers *.Cu *.Mask)
      (net 1 GND) (solder_mask_margin 0.1016))
    (pad 38 thru_hole circle (at 24.13 -6.35) (size 1.8796 1.8796) (drill 1.016) (layers *.Cu *.Mask)
      (net 2 5V) (solder_mask_margin 0.1016))
    (pad 39 thru_hole circle (at 24.13 -3.81) (size 1.8796 1.8796) (drill 1.016) (layers *.Cu *.Mask)
      (net 2 5V) (solder_mask_margin 0.1016))
    (pad 40 thru_hole rect (at 24.13 -1.27) (size 1.8796 1.8796) (drill 1.016) (layers *.Cu *.Mask)
      (net 1 GND) (solder_mask_margin 0.1016))
  )

  (module Capacitor_SMD:C_0603_1608Metric (layer F.Cu) (tedit 5B301BBE) (tstamp 5F5C8702)
    (at 133.096 102.235)
    (descr "Capacitor SMD 0603 (1608 Metric), square (rectangular) end terminal, IPC_7351 nominal, (Body size source: http://www.tortai-tech.com/upload/download/2011102023233369053.pdf), generated with kicad-footprint-generator")
    (tags capacitor)
    (path /5F4CE851)
    (attr smd)
    (fp_text reference C1 (at 0 -1.43) (layer F.SilkS)
      (effects (font (size 1 1) (thickness 0.15)))
    )
    (fp_text value 1uF (at 0 1.43) (layer F.Fab)
      (effects (font (size 1 1) (thickness 0.15)))
    )
    (fp_line (start -0.8 0.4) (end -0.8 -0.4) (layer F.Fab) (width 0.1))
    (fp_line (start -0.8 -0.4) (end 0.8 -0.4) (layer F.Fab) (width 0.1))
    (fp_line (start 0.8 -0.4) (end 0.8 0.4) (layer F.Fab) (width 0.1))
    (fp_line (start 0.8 0.4) (end -0.8 0.4) (layer F.Fab) (width 0.1))
    (fp_line (start -0.162779 -0.51) (end 0.162779 -0.51) (layer F.SilkS) (width 0.12))
    (fp_line (start -0.162779 0.51) (end 0.162779 0.51) (layer F.SilkS) (width 0.12))
    (fp_line (start -1.48 0.73) (end -1.48 -0.73) (layer F.CrtYd) (width 0.05))
    (fp_line (start -1.48 -0.73) (end 1.48 -0.73) (layer F.CrtYd) (width 0.05))
    (fp_line (start 1.48 -0.73) (end 1.48 0.73) (layer F.CrtYd) (width 0.05))
    (fp_line (start 1.48 0.73) (end -1.48 0.73) (layer F.CrtYd) (width 0.05))
    (fp_text user %R (at 0 0) (layer F.Fab)
      (effects (font (size 0.4 0.4) (thickness 0.06)))
    )
    (pad 1 smd roundrect (at -0.7875 0) (size 0.875 0.95) (layers F.Cu F.Paste F.Mask) (roundrect_rratio 0.25)
      (net 2 5V))
    (pad 2 smd roundrect (at 0.7875 0) (size 0.875 0.95) (layers F.Cu F.Paste F.Mask) (roundrect_rratio 0.25)
      (net 1 GND))
    (model ${KISYS3DMOD}/Capacitor_SMD.3dshapes/C_0603_1608Metric.wrl
      (at (xyz 0 0 0))
      (scale (xyz 1 1 1))
      (rotate (xyz 0 0 0))
    )
  )

  (module Capacitor_SMD:C_0603_1608Metric (layer F.Cu) (tedit 5B301BBE) (tstamp 5F5C8713)
    (at 129.093001 107.301001)
    (descr "Capacitor SMD 0603 (1608 Metric), square (rectangular) end terminal, IPC_7351 nominal, (Body size source: http://www.tortai-tech.com/upload/download/2011102023233369053.pdf), generated with kicad-footprint-generator")
    (tags capacitor)
    (path /5F4CDDF3)
    (attr smd)
    (fp_text reference C2 (at 0 -1.43) (layer F.SilkS)
      (effects (font (size 1 1) (thickness 0.15)))
    )
    (fp_text value 100nF (at 0 1.43) (layer F.Fab)
      (effects (font (size 1 1) (thickness 0.15)))
    )
    (fp_text user %R (at 0 0) (layer F.Fab)
      (effects (font (size 0.4 0.4) (thickness 0.06)))
    )
    (fp_line (start 1.48 0.73) (end -1.48 0.73) (layer F.CrtYd) (width 0.05))
    (fp_line (start 1.48 -0.73) (end 1.48 0.73) (layer F.CrtYd) (width 0.05))
    (fp_line (start -1.48 -0.73) (end 1.48 -0.73) (layer F.CrtYd) (width 0.05))
    (fp_line (start -1.48 0.73) (end -1.48 -0.73) (layer F.CrtYd) (width 0.05))
    (fp_line (start -0.162779 0.51) (end 0.162779 0.51) (layer F.SilkS) (width 0.12))
    (fp_line (start -0.162779 -0.51) (end 0.162779 -0.51) (layer F.SilkS) (width 0.12))
    (fp_line (start 0.8 0.4) (end -0.8 0.4) (layer F.Fab) (width 0.1))
    (fp_line (start 0.8 -0.4) (end 0.8 0.4) (layer F.Fab) (width 0.1))
    (fp_line (start -0.8 -0.4) (end 0.8 -0.4) (layer F.Fab) (width 0.1))
    (fp_line (start -0.8 0.4) (end -0.8 -0.4) (layer F.Fab) (width 0.1))
    (pad 2 smd roundrect (at 0.7875 0) (size 0.875 0.95) (layers F.Cu F.Paste F.Mask) (roundrect_rratio 0.25)
      (net 1 GND))
    (pad 1 smd roundrect (at -0.7875 0) (size 0.875 0.95) (layers F.Cu F.Paste F.Mask) (roundrect_rratio 0.25)
      (net 2 5V))
    (model ${KISYS3DMOD}/Capacitor_SMD.3dshapes/C_0603_1608Metric.wrl
      (at (xyz 0 0 0))
      (scale (xyz 1 1 1))
      (rotate (xyz 0 0 0))
    )
  )

  (module Capacitor_SMD:C_0603_1608Metric (layer F.Cu) (tedit 5B301BBE) (tstamp 5F5C8724)
    (at 129.286 98.679 270)
    (descr "Capacitor SMD 0603 (1608 Metric), square (rectangular) end terminal, IPC_7351 nominal, (Body size source: http://www.tortai-tech.com/upload/download/2011102023233369053.pdf), generated with kicad-footprint-generator")
    (tags capacitor)
    (path /5F4CC945)
    (attr smd)
    (fp_text reference C3 (at 0 -1.43 90) (layer F.SilkS)
      (effects (font (size 1 1) (thickness 0.15)))
    )
    (fp_text value ?pF (at 0 1.43 90) (layer F.Fab)
      (effects (font (size 1 1) (thickness 0.15)))
    )
    (fp_line (start -0.8 0.4) (end -0.8 -0.4) (layer F.Fab) (width 0.1))
    (fp_line (start -0.8 -0.4) (end 0.8 -0.4) (layer F.Fab) (width 0.1))
    (fp_line (start 0.8 -0.4) (end 0.8 0.4) (layer F.Fab) (width 0.1))
    (fp_line (start 0.8 0.4) (end -0.8 0.4) (layer F.Fab) (width 0.1))
    (fp_line (start -0.162779 -0.51) (end 0.162779 -0.51) (layer F.SilkS) (width 0.12))
    (fp_line (start -0.162779 0.51) (end 0.162779 0.51) (layer F.SilkS) (width 0.12))
    (fp_line (start -1.48 0.73) (end -1.48 -0.73) (layer F.CrtYd) (width 0.05))
    (fp_line (start -1.48 -0.73) (end 1.48 -0.73) (layer F.CrtYd) (width 0.05))
    (fp_line (start 1.48 -0.73) (end 1.48 0.73) (layer F.CrtYd) (width 0.05))
    (fp_line (start 1.48 0.73) (end -1.48 0.73) (layer F.CrtYd) (width 0.05))
    (fp_text user %R (at 0 0 90) (layer F.Fab)
      (effects (font (size 0.4 0.4) (thickness 0.06)))
    )
    (pad 1 smd roundrect (at -0.7875 0 270) (size 0.875 0.95) (layers F.Cu F.Paste F.Mask) (roundrect_rratio 0.25)
      (net 31 "Net-(C3-Pad1)"))
    (pad 2 smd roundrect (at 0.7875 0 270) (size 0.875 0.95) (layers F.Cu F.Paste F.Mask) (roundrect_rratio 0.25)
      (net 1 GND))
    (model ${KISYS3DMOD}/Capacitor_SMD.3dshapes/C_0603_1608Metric.wrl
      (at (xyz 0 0 0))
      (scale (xyz 1 1 1))
      (rotate (xyz 0 0 0))
    )
  )

  (module Capacitor_SMD:C_0603_1608Metric (layer F.Cu) (tedit 5B301BBE) (tstamp 5F5C8735)
    (at 132.207 97.663 270)
    (descr "Capacitor SMD 0603 (1608 Metric), square (rectangular) end terminal, IPC_7351 nominal, (Body size source: http://www.tortai-tech.com/upload/download/2011102023233369053.pdf), generated with kicad-footprint-generator")
    (tags capacitor)
    (path /5F4CD563)
    (attr smd)
    (fp_text reference C4 (at 0 -1.43 90) (layer F.SilkS)
      (effects (font (size 1 1) (thickness 0.15)))
    )
    (fp_text value ?pF (at 0 1.43 90) (layer F.Fab)
      (effects (font (size 1 1) (thickness 0.15)))
    )
    (fp_text user %R (at 0 0 90) (layer F.Fab)
      (effects (font (size 0.4 0.4) (thickness 0.06)))
    )
    (fp_line (start 1.48 0.73) (end -1.48 0.73) (layer F.CrtYd) (width 0.05))
    (fp_line (start 1.48 -0.73) (end 1.48 0.73) (layer F.CrtYd) (width 0.05))
    (fp_line (start -1.48 -0.73) (end 1.48 -0.73) (layer F.CrtYd) (width 0.05))
    (fp_line (start -1.48 0.73) (end -1.48 -0.73) (layer F.CrtYd) (width 0.05))
    (fp_line (start -0.162779 0.51) (end 0.162779 0.51) (layer F.SilkS) (width 0.12))
    (fp_line (start -0.162779 -0.51) (end 0.162779 -0.51) (layer F.SilkS) (width 0.12))
    (fp_line (start 0.8 0.4) (end -0.8 0.4) (layer F.Fab) (width 0.1))
    (fp_line (start 0.8 -0.4) (end 0.8 0.4) (layer F.Fab) (width 0.1))
    (fp_line (start -0.8 -0.4) (end 0.8 -0.4) (layer F.Fab) (width 0.1))
    (fp_line (start -0.8 0.4) (end -0.8 -0.4) (layer F.Fab) (width 0.1))
    (pad 2 smd roundrect (at 0.7875 0 270) (size 0.875 0.95) (layers F.Cu F.Paste F.Mask) (roundrect_rratio 0.25)
      (net 32 "Net-(C4-Pad2)"))
    (pad 1 smd roundrect (at -0.7875 0 270) (size 0.875 0.95) (layers F.Cu F.Paste F.Mask) (roundrect_rratio 0.25)
      (net 1 GND))
    (model ${KISYS3DMOD}/Capacitor_SMD.3dshapes/C_0603_1608Metric.wrl
      (at (xyz 0 0 0))
      (scale (xyz 1 1 1))
      (rotate (xyz 0 0 0))
    )
  )

  (module Capacitor_SMD:C_0603_1608Metric (layer F.Cu) (tedit 5B301BBE) (tstamp 5F5C8746)
    (at 167.093001 69.121001)
    (descr "Capacitor SMD 0603 (1608 Metric), square (rectangular) end terminal, IPC_7351 nominal, (Body size source: http://www.tortai-tech.com/upload/download/2011102023233369053.pdf), generated with kicad-footprint-generator")
    (tags capacitor)
    (path /5F4CEB31)
    (attr smd)
    (fp_text reference C5 (at 0 -1.43) (layer F.SilkS)
      (effects (font (size 1 1) (thickness 0.15)))
    )
    (fp_text value 1uF (at 0 1.43) (layer F.Fab)
      (effects (font (size 1 1) (thickness 0.15)))
    )
    (fp_text user %R (at 0 0) (layer F.Fab)
      (effects (font (size 0.4 0.4) (thickness 0.06)))
    )
    (fp_line (start 1.48 0.73) (end -1.48 0.73) (layer F.CrtYd) (width 0.05))
    (fp_line (start 1.48 -0.73) (end 1.48 0.73) (layer F.CrtYd) (width 0.05))
    (fp_line (start -1.48 -0.73) (end 1.48 -0.73) (layer F.CrtYd) (width 0.05))
    (fp_line (start -1.48 0.73) (end -1.48 -0.73) (layer F.CrtYd) (width 0.05))
    (fp_line (start -0.162779 0.51) (end 0.162779 0.51) (layer F.SilkS) (width 0.12))
    (fp_line (start -0.162779 -0.51) (end 0.162779 -0.51) (layer F.SilkS) (width 0.12))
    (fp_line (start 0.8 0.4) (end -0.8 0.4) (layer F.Fab) (width 0.1))
    (fp_line (start 0.8 -0.4) (end 0.8 0.4) (layer F.Fab) (width 0.1))
    (fp_line (start -0.8 -0.4) (end 0.8 -0.4) (layer F.Fab) (width 0.1))
    (fp_line (start -0.8 0.4) (end -0.8 -0.4) (layer F.Fab) (width 0.1))
    (pad 2 smd roundrect (at 0.7875 0) (size 0.875 0.95) (layers F.Cu F.Paste F.Mask) (roundrect_rratio 0.25)
      (net 1 GND))
    (pad 1 smd roundrect (at -0.7875 0) (size 0.875 0.95) (layers F.Cu F.Paste F.Mask) (roundrect_rratio 0.25)
      (net 3 +3V3))
    (model ${KISYS3DMOD}/Capacitor_SMD.3dshapes/C_0603_1608Metric.wrl
      (at (xyz 0 0 0))
      (scale (xyz 1 1 1))
      (rotate (xyz 0 0 0))
    )
  )

  (module Capacitor_SMD:C_0603_1608Metric (layer F.Cu) (tedit 5B301BBE) (tstamp 5F5C8757)
    (at 167.093001 66.611001)
    (descr "Capacitor SMD 0603 (1608 Metric), square (rectangular) end terminal, IPC_7351 nominal, (Body size source: http://www.tortai-tech.com/upload/download/2011102023233369053.pdf), generated with kicad-footprint-generator")
    (tags capacitor)
    (path /5F4CEF67)
    (attr smd)
    (fp_text reference C6 (at 0 -1.43) (layer F.SilkS)
      (effects (font (size 1 1) (thickness 0.15)))
    )
    (fp_text value 100nF (at 0 1.43) (layer F.Fab)
      (effects (font (size 1 1) (thickness 0.15)))
    )
    (fp_line (start -0.8 0.4) (end -0.8 -0.4) (layer F.Fab) (width 0.1))
    (fp_line (start -0.8 -0.4) (end 0.8 -0.4) (layer F.Fab) (width 0.1))
    (fp_line (start 0.8 -0.4) (end 0.8 0.4) (layer F.Fab) (width 0.1))
    (fp_line (start 0.8 0.4) (end -0.8 0.4) (layer F.Fab) (width 0.1))
    (fp_line (start -0.162779 -0.51) (end 0.162779 -0.51) (layer F.SilkS) (width 0.12))
    (fp_line (start -0.162779 0.51) (end 0.162779 0.51) (layer F.SilkS) (width 0.12))
    (fp_line (start -1.48 0.73) (end -1.48 -0.73) (layer F.CrtYd) (width 0.05))
    (fp_line (start -1.48 -0.73) (end 1.48 -0.73) (layer F.CrtYd) (width 0.05))
    (fp_line (start 1.48 -0.73) (end 1.48 0.73) (layer F.CrtYd) (width 0.05))
    (fp_line (start 1.48 0.73) (end -1.48 0.73) (layer F.CrtYd) (width 0.05))
    (fp_text user %R (at 0 0) (layer F.Fab)
      (effects (font (size 0.4 0.4) (thickness 0.06)))
    )
    (pad 1 smd roundrect (at -0.7875 0) (size 0.875 0.95) (layers F.Cu F.Paste F.Mask) (roundrect_rratio 0.25)
      (net 3 +3V3))
    (pad 2 smd roundrect (at 0.7875 0) (size 0.875 0.95) (layers F.Cu F.Paste F.Mask) (roundrect_rratio 0.25)
      (net 1 GND))
    (model ${KISYS3DMOD}/Capacitor_SMD.3dshapes/C_0603_1608Metric.wrl
      (at (xyz 0 0 0))
      (scale (xyz 1 1 1))
      (rotate (xyz 0 0 0))
    )
  )

  (module Capacitor_SMD:C_0603_1608Metric (layer F.Cu) (tedit 5B301BBE) (tstamp 5F5C8768)
    (at 171.103001 64.101001)
    (descr "Capacitor SMD 0603 (1608 Metric), square (rectangular) end terminal, IPC_7351 nominal, (Body size source: http://www.tortai-tech.com/upload/download/2011102023233369053.pdf), generated with kicad-footprint-generator")
    (tags capacitor)
    (path /5F4D02B8)
    (attr smd)
    (fp_text reference C7 (at 0 -1.43) (layer F.SilkS)
      (effects (font (size 1 1) (thickness 0.15)))
    )
    (fp_text value 100nF (at 0 1.43) (layer F.Fab)
      (effects (font (size 1 1) (thickness 0.15)))
    )
    (fp_line (start -0.8 0.4) (end -0.8 -0.4) (layer F.Fab) (width 0.1))
    (fp_line (start -0.8 -0.4) (end 0.8 -0.4) (layer F.Fab) (width 0.1))
    (fp_line (start 0.8 -0.4) (end 0.8 0.4) (layer F.Fab) (width 0.1))
    (fp_line (start 0.8 0.4) (end -0.8 0.4) (layer F.Fab) (width 0.1))
    (fp_line (start -0.162779 -0.51) (end 0.162779 -0.51) (layer F.SilkS) (width 0.12))
    (fp_line (start -0.162779 0.51) (end 0.162779 0.51) (layer F.SilkS) (width 0.12))
    (fp_line (start -1.48 0.73) (end -1.48 -0.73) (layer F.CrtYd) (width 0.05))
    (fp_line (start -1.48 -0.73) (end 1.48 -0.73) (layer F.CrtYd) (width 0.05))
    (fp_line (start 1.48 -0.73) (end 1.48 0.73) (layer F.CrtYd) (width 0.05))
    (fp_line (start 1.48 0.73) (end -1.48 0.73) (layer F.CrtYd) (width 0.05))
    (fp_text user %R (at 0 0) (layer F.Fab)
      (effects (font (size 0.4 0.4) (thickness 0.06)))
    )
    (pad 1 smd roundrect (at -0.7875 0) (size 0.875 0.95) (layers F.Cu F.Paste F.Mask) (roundrect_rratio 0.25)
      (net 3 +3V3))
    (pad 2 smd roundrect (at 0.7875 0) (size 0.875 0.95) (layers F.Cu F.Paste F.Mask) (roundrect_rratio 0.25)
      (net 1 GND))
    (model ${KISYS3DMOD}/Capacitor_SMD.3dshapes/C_0603_1608Metric.wrl
      (at (xyz 0 0 0))
      (scale (xyz 1 1 1))
      (rotate (xyz 0 0 0))
    )
  )

  (module Capacitor_SMD:C_0603_1608Metric (layer F.Cu) (tedit 5B301BBE) (tstamp 5F5C8779)
    (at 138.743001 93.831001)
    (descr "Capacitor SMD 0603 (1608 Metric), square (rectangular) end terminal, IPC_7351 nominal, (Body size source: http://www.tortai-tech.com/upload/download/2011102023233369053.pdf), generated with kicad-footprint-generator")
    (tags capacitor)
    (path /5F4CF1E8)
    (attr smd)
    (fp_text reference C8 (at 0 -1.43) (layer F.SilkS)
      (effects (font (size 1 1) (thickness 0.15)))
    )
    (fp_text value 100nF (at 0 1.43) (layer F.Fab)
      (effects (font (size 1 1) (thickness 0.15)))
    )
    (fp_line (start -0.8 0.4) (end -0.8 -0.4) (layer F.Fab) (width 0.1))
    (fp_line (start -0.8 -0.4) (end 0.8 -0.4) (layer F.Fab) (width 0.1))
    (fp_line (start 0.8 -0.4) (end 0.8 0.4) (layer F.Fab) (width 0.1))
    (fp_line (start 0.8 0.4) (end -0.8 0.4) (layer F.Fab) (width 0.1))
    (fp_line (start -0.162779 -0.51) (end 0.162779 -0.51) (layer F.SilkS) (width 0.12))
    (fp_line (start -0.162779 0.51) (end 0.162779 0.51) (layer F.SilkS) (width 0.12))
    (fp_line (start -1.48 0.73) (end -1.48 -0.73) (layer F.CrtYd) (width 0.05))
    (fp_line (start -1.48 -0.73) (end 1.48 -0.73) (layer F.CrtYd) (width 0.05))
    (fp_line (start 1.48 -0.73) (end 1.48 0.73) (layer F.CrtYd) (width 0.05))
    (fp_line (start 1.48 0.73) (end -1.48 0.73) (layer F.CrtYd) (width 0.05))
    (fp_text user %R (at 0 0) (layer F.Fab)
      (effects (font (size 0.4 0.4) (thickness 0.06)))
    )
    (pad 1 smd roundrect (at -0.7875 0) (size 0.875 0.95) (layers F.Cu F.Paste F.Mask) (roundrect_rratio 0.25)
      (net 3 +3V3))
    (pad 2 smd roundrect (at 0.7875 0) (size 0.875 0.95) (layers F.Cu F.Paste F.Mask) (roundrect_rratio 0.25)
      (net 1 GND))
